00 0.43562500000000004 0.425 0.02373355263157889 0.02498355263157892
08 0.041875 0.590625 0.01624161073825503 0.013741610738254972
07 0.04875 0.764375 0.024956896551724145 0.028706896551724093
20 0.62375 0.280625 0.01749444444444448 0.018744444444444452
15 0.7731250000000001 0.858125 0.01873809523809522 0.05623809523809509
07 0.33 0.936875 0.01749297752808987 0.03874297752808986
01 0.219375 0.67625 0.016245098039215672 0.017495098039215673
18 0.85 0.08 0.014956896551724164 0.017456896551724138
05 0.505625 0.013744612068965519 0.011228448275862002 0.027489224137931038
03 0.546875 0.031875 0.016136363636363615 0.01363636363636363
04 0.06625 0.275 0.017485795454545455 0.01998579545454543
20 0.590625 0.841875 0.013719512195122019 0.011219512195121961
02 0.11937500000000001 0.7731250000000001 0.026232142857142884 0.028732142857142873
04 0.705625 0.28875 0.02873749999999997 0.02498750000000005
