10 0.63125 0.2575 0.027483552631578867 0.01748355263157897
06 0.14 0.4999979026845638 0.059991610738255055 0.04499580536912756
06 0.548125 0.265625 0.043706896551724106 0.016206896551724137
04 0.353125 0.335 0.03374444444444452 0.022494444444444484
15 0.2375 0.0918720238095238 0.03498809523809529 0.05124404761904762
14 0.224375 0.673125 0.03874297752808986 0.03874297752808986
04 0.979375 0.28375 0.02624509803921571 0.024995098039215735
14 0.091875 0.84 0.013706896551724135 0.024956896551724173
13 0.665 0.2575 0.11497844827586223 0.06997844827586208
09 0.6274715909090909 0.401875 0.039943181818181794 0.021136363636363564
18 0.38125 0.116875 0.01998579545454543 0.023735795454545475
11 0.415625 0.844375 0.03371951219512198 0.03121951219512198
