13 0.6968791118421053 0.8531249999999999 0.07874177631578938 0.13373355263157893
20 0.6325 0.140625 0.017491610738255003 0.01624161073825503
09 0.646875 0.6837500000000001 0.018706896551724084 0.029956896551724177
02 0.15437499999999998 0.84875 0.04874444444444445 0.03249444444444438
12 0.6656249999999999 0.19437500000000002 0.03373809523809512 0.038738095238095266
20 0.571875 0.38125 0.026242977528089906 0.02249297752808982
03 0.9781249999999999 0.18625 0.02374509803921565 0.032495098039215686
09 0.16 0.778125 0.02995689655172412 0.03120689655172415
14 0.46875 0.030625 0.03747844827586211 0.028728448275862063
14 0.291875 0.050625 0.04613636363636364 0.031136363636363636
06 0.6275 0.139375 0.06248579545454547 0.016235795454545454
10 0.72375 0.516875 0.014969512195121881 0.013719512195122019
00 0.66125 0.754375 0.03498214285714285 0.02123214285714281
18 0.53125 0.42375 0.019987500000000047 0.022487499999999994
