05 0.175625 0.7475 0.04123355263157896 0.02498355263157881
03 0.284375 0.84375 0.04624161073825506 0.042491610738254915
20 0.575 0.631875 0.02745689655172412 0.026206896551724146
14 0.6793750000000001 0.95375 0.03624444444444441 0.019994444444444426
08 0.760625 0.468125 0.031238095238095065 0.021238095238095278
20 0.225625 0.9025000000000001 0.03374297752808986 0.032492977528089884
20 0.0625 0.325625 0.017495098039215694 0.0162450980392157
03 0.326875 0.37687499999999996 0.01620689655172408 0.03370689655172415
14 0.4118803879310345 0.8025 0.03373922413793107 0.03747844827586222
01 0.65375 0.06 0.019886363636363646 0.01988636363636364
14 0.055625 0.79375 0.023735795454545447 0.034985795454545277
13 0.65375 0.1175 0.09996951219512196 0.04496951219512195
03 0.815625 0.9450000000000001 0.018732142857142864 0.022482142857142784
