01 0.39937500000000004 0.123125 0.0337335526315789 0.03623355263157893
11 0.461875 0.38375000000000004 0.03624161073825505 0.027491610738255068
01 0.235 0.484375 0.022456896551724143 0.016206896551724137
15 0.74125 0.54375 0.019994444444444315 0.0424944444444445
03 0.42625 0.51625 0.06498809523809529 0.054988095238095225
03 0.704375 0.38125 0.028742977528089853 0.024992977528089877
05 0.5775 0.1275 0.05749509803921571 0.029995098039215684
06 0.750625 0.62125 0.09620689655172421 0.0699568965517241
01 0.343125 0.42125 0.04872844827586209 0.04747844827586206
06 0.27625 0.766875 0.09738636363636366 0.04113636363636375
13 0.236875 0.671875 0.09623579545454544 0.05123579545454526
04 0.455625 0.276875 0.04621951219512199 0.04121951219512199
18 0.251875 0.8275 0.031232142857142847 0.032482142857142904
20 0.8512500000000001 0.31 0.04998749999999996 0.05248750000000002
