05 0.048125 0.513125 0.02623355263157895 0.048733552631578914
10 0.93 0.799375 0.032491610738254906 0.03124161073825482
07 0.47375 0.208125 0.04745689655172414 0.05870689655172412
10 0.059375 0.7818750000000001 0.03374444444444444 0.02874444444444435
04 0.683125 0.3825 0.028738095238095118 0.04248809523809527
06 0.75125 0.6087499999999999 0.1199929775280899 0.022492977528089875
03 0.395625 0.135 0.05124509803921573 0.0974950980392157
08 0.2625 0.5843750000000001 0.0399568965517241 0.0337068965517241
12 0.506875 0.7418750000000001 0.048728448275862035 0.06122844827586216
08 0.74 0.881875 0.05488636363636368 0.05613636363636376
