16 0.68625 0.2475 0.039983552631578934 0.06748355263157899
20 0.9412499999999999 0.800625 0.024991610738254955 0.021241610738254924
06 0.27375 0.19624999999999998 0.0649568965517241 0.07745689655172414
10 0.18875 0.850625 0.029994444444444435 0.023744444444444346
15 0.70625 0.31625000000000003 0.04998809523809511 0.07748809523809524
06 0.58125 0.505 0.11749297752808985 0.02749297752808988
09 0.6018749999999999 0.13874999999999998 0.03374509803921566 0.052495098039215676
03 0.63375 0.07999999999999999 0.02495689655172406 0.05745689655172413
06 0.41312499999999996 0.86875 0.1187284482758621 0.0849784482758622
01 0.6637500000000001 0.889375 0.019886363636363646 0.02113636363636373
04 0.411875 0.168125 0.04623579545454548 0.026235795454545463
03 0.77 0.7225 0.07246951219512199 0.04246951219512196
