03 0.5475 0.776875 0.04498355263157894 0.05873355263157887
03 0.29625 0.08875000000000001 0.03999161073825502 0.022491610738255036
01 0.38375000000000004 0.969375 0.044956896551724135 0.0387068965517241
20 0.353125 0.21125 0.021244444444444455 0.014994444444444421
14 0.43 0.052500000000000005 0.037488095238095265 0.02248809523809523
04 0.901875 0.556875 0.04124297752808981 0.0312429775280898
19 0.6699999999999999 0.379375 0.024995098039215624 0.04624509803921567
11 0.09562499999999999 0.4325 0.041206896551724145 0.02745689655172412
15 0.23125 0.25125 0.05497844827586207 0.027478448275862044
02 0.364375 0.25625 0.08863636363636368 0.062386363636363684
00 0.42375 0.406875 0.02498579545454549 0.018735795454545456
15 0.59375 0.41812499999999997 0.06996951219512204 0.03371951219512198
