00 0.40437500000000004 0.276875 0.018733552631578887 0.01623355263157894
15 0.045625 0.863125 0.00874161073825503 0.02374161073825487
05 0.76875 0.015 0.012456896551724106 0.029956896551724135
06 0.253125 0.5875 0.04624444444444442 0.01749444444444448
06 0.8274970238095238 0.41625 0.012494047619047488 0.027488095238095256
14 0.298125 0.59625 0.013742977528089895 0.022492977528089875
11 0.830625 0.891875 0.026245098039215597 0.021245098039215704
05 0.08937500000000001 0.01875 0.013706896551724121 0.027456896551724137
20 0.560625 0.7068749999999999 0.008728448275862055 0.008728448275862166
12 0.6012500000000001 0.5931249999999999 0.0323863636363636 0.033636363636363575
08 0.673125 0.666875 0.03623579545454536 0.026235795454545352
03 0.5406249999999999 0.02 0.03621951219512198 0.03246951219512195
10 0.9175 0.46125 0.012482142857142886 0.009982142857142828
03 0.153125 0.6056250000000001 0.01873749999999999 0.026237500000000025
