04 0.273125 0.924375 0.023733552631578947 0.018733552631578942
13 0.5781270973154362 0.764375 0.051245805369127484 0.05124161073825495
11 0.8743749999999999 0.414375 0.02120689655172414 0.023706896551724088
01 0.15749999999999997 0.08 0.014994444444444449 0.012494444444444447
15 0.64625 0.24 0.024988095238095198 0.039988095238095295
14 0.470625 0.97875 0.028742977528089853 0.01749297752808987
07 0.375 0.04875 0.02999509803921574 0.01249509803921569
12 0.12687500000000002 0.208125 0.033706896551724125 0.03620689655172413
14 0.575 0.856875 0.01997844827586215 0.03872844827586219
03 0.471875 0.87875 0.033636363636363575 0.03238636363636371
14 0.20875 0.575 0.017485795454545455 0.027485795454545436
10 0.233125 0.16812500000000002 0.018719512195121968 0.01871951219512194
