11 0.0975 0.801875 0.03998355263157895 0.02873355263157884
05 0.445625 0.775 0.01624161073825503 0.042491610738254915
03 0.44125000000000003 0.423125 0.0674568965517241 0.1037068965517241
04 0.31625000000000003 0.8574999999999999 0.039994444444444444 0.037494444444444386
07 0.37 0.88625 0.027488095238095256 0.06998809523809513
13 0.05125 0.221875 0.049992977528089885 0.06874297752808986
06 0.12125 0.72125 0.042495098039215695 0.07749509803921562
11 0.561875 0.18312499999999998 0.0387068965517241 0.03620689655172413
04 0.17125 0.34875 0.04497844827586209 0.03497844827586205
03 0.22875 0.11934659090909092 0.05488636363636368 0.04119318181818182
16 0.3175 0.8300000000000001 0.04998579545454551 0.05248579545454535
06 0.176875 0.64625 0.03871951219512196 0.022469512195121943
12 0.6125 0.111875 0.06748214285714282 0.041232142857142884
18 0.033125 0.7593749999999999 0.026237499999999997 0.026237500000000025
