01 0.8225 0.03125 0.027483552631578867 0.01498355263157895
10 0.165625 0.92625 0.023741610738255037 0.02999161073825496
06 0.904375 0.6056250000000001 0.016206896551724137 0.05120689655172417
06 0.41000000000000003 0.16624999999999998 0.024994444444444486 0.03499444444444444
10 0.265 0.7418750000000001 0.04248809523809527 0.02623809523809506
18 0.748125 0.7306250000000001 0.028742977528089853 0.03124297752808991
18 0.535625 0.28812499999999996 0.028745098039215655 0.031245098039215657
04 0.611875 0.558125 0.03870689655172421 0.0387068965517241
18 0.16 0.443125 0.029978448275862046 0.031228448275862075
18 0.598125 0.35562499999999997 0.03113636363636363 0.03363636363636363
