17 0.106875 0.973125 0.023733552631578947 0.026233552631578894
07 0.31125 0.22875 0.08499161073825506 0.01749161073825503
18 0.41875 0.47750000000000004 0.012456896551724106 0.014956896551724108
02 0.5637513888888889 0.515625 0.052497222222222195 0.036244444444444524
04 0.618125 0.385 0.026238095238095283 0.017488095238095247
12 0.3425 0.5862499999999999 0.03249297752808983 0.039992977528089946
08 0.754375 0.85 0.018745098039215646 0.014995098039215726
20 0.446875 0.44875 0.028706896551724148 0.022456896551724115
11 0.656875 0.5231250000000001 0.018728448275862286 0.016228448275862006
20 0.8062499999999999 0.6937500000000001 0.0173863636363637 0.014886363636363753
03 0.195 0.054375 0.03748579545454547 0.04123579545454546
07 0.175 0.224375 0.024969512195121973 0.023719512195121972
03 0.21437499999999998 0.855625 0.013732142857142832 0.02373214285714287
