01 0.615 0.745625 0.007483552631578849 0.008733552631578934
18 0.02375 0.445625 0.014991610738255032 0.01624161073825503
16 0.645625 0.96625 0.03120689655172404 0.02745689655172423
14 0.606875 0.144375 0.016244444444444395 0.013744444444444448
00 0.915 0.85875 0.017488095238095136 0.019988095238095083
17 0.6543749999999999 0.141875 0.016242977528089786 0.026242977528089906
10 0.79125 0.840625 0.014995098039215726 0.011245098039215695
03 0.365 0.408125 0.07745689655172416 0.011206896551724133
02 0.059375 0.718125 0.031228448275862068 0.018728448275862286
05 0.718125 0.575625 0.023636363636363678 0.028636363636363682
03 0.41125 0.12375 0.022485795454545432 0.024985795454545476
