06 0.73 0.825625 0.012483552631578965 0.031233552631578898
13 0.22125 0.51875 0.01999161073825506 0.05499161073825498
02 0.52875 0.22625 0.03745689655172413 0.054956896551724116
07 0.7575000000000001 0.47062499999999996 0.03999444444444433 0.028744444444444517
04 0.13624999999999998 0.09062500000000001 0.027488095238095228 0.018738095238095234
01 0.41937500000000005 0.5531250000000001 0.031242977528089855 0.023742977528089848
14 0.6125 0.840625 0.014995098039215615 0.02624509803921571
13 0.43062500000000004 0.191875 0.05620689655172412 0.07620689655172413
20 0.621875 0.14750000000000002 0.016228448275862006 0.01497844827586206
03 0.623125 0.171875 0.03613636363636363 0.023636363636363678
05 0.735 0.076875 0.02498579545454538 0.02123579545454546
03 0.3068826219512195 0.18625 0.011234756097560972 0.019969512195121997
