04 0.56375 0.971875 0.022483552631578863 0.023733552631578836
18 0.014374999999999999 0.655625 0.018741610738255032 0.02374161073825487
09 0.84375 0.460625 0.019956896551724057 0.028706896551724093
04 0.816875 0.015625 0.023744444444444346 0.023744444444444443
03 0.600625 0.045 0.01123809523809527 0.02248809523809523
03 0.66625 0.564375 0.03249297752808977 0.04874297752808987
03 0.064375 0.645625 0.023745098039215685 0.013745098039215753
03 0.509375 0.854375 0.08370689655172409 0.05870689655172412
20 0.051875000000000004 0.16749999999999998 0.01622844827586207 0.012478448275862059
18 0.114375 0.9043749999999999 0.01613636363636363 0.018636363636363673
04 0.719375 0.12375 0.0287357954545453 0.03248579545454548
03 0.665 0.55125 0.04496951219512202 0.04996951219512202
14 0.849375 0.288125 0.02373214285714287 0.03123214285714282
01 0.7725 0.89625 0.027487499999999998 0.0174875000000001
