13 0.09625 0.27875 0.06498355263157896 0.06748355263157899
00 0.4525 0.035625 0.01999161073825506 0.01874161073825503
20 0.266875 0.7275 0.023706896551724144 0.02495689655172406
07 0.9650000000000001 0.32625000000000004 0.029994444444444324 0.07249444444444447
11 0.37124999999999997 0.4125 0.032488095238095316 0.01998809523809525
07 0.933125 0.43125 0.018742977528089844 0.03249297752808983
01 0.4375 0.186875 0.022495098039215677 0.02374509803921568
04 0.321875 0.609375 0.028706896551724148 0.02120689655172403
09 0.5525 0.5862499999999999 0.024978448275862153 0.037478448275862
06 0.8075 0.8968750000000001 0.04238636363636372 0.05863636363636371
02 0.543125 0.96625 0.07373579545454545 0.019985795454545374
10 0.258125 0.30562500000000004 0.026219512195121975 0.028719512195121977
14 0.660625 0.03875 0.036232142857142824 0.04248214285714286
