19 0.515625 0.5775 0.023733552631578947 0.037483552631578876
14 0.319375 0.469375 0.02624161073825504 0.04124161073825505
11 0.37375 0.810625 0.02995689655172412 0.026206896551724146
00 0.2375 0.265625 0.017494444444444424 0.018744444444444452
20 0.53 0.165 0.017488095238095247 0.017488095238095247
03 0.50125 0.486875 0.014992977528089868 0.011242977528089892
18 0.193125 0.271875 0.02624509803921568 0.02874509803921571
04 0.150625 0.836875 0.026206896551724118 0.023706896551724088
03 0.4125 0.6893750000000001 0.04747844827586206 0.028728448275862184
19 0.473125 0.47124999999999995 0.021136363636363564 0.0298863636363636
10 0.79875 0.745 0.027485795454545325 0.02498579545454538
11 0.780625 0.036875 0.028719512195122032 0.023719512195121948
05 0.205625 0.769375 0.013732142857142832 0.03373214285714288
