20 0.97625 0.359375 0.014983552631578911 0.013733552631578938
15 0.45 0.8418749999999999 0.03249161073825502 0.03624161073825494
16 0.188125 0.71875 0.046206896551724136 0.03745689655172413
18 0.063125 0.86125 0.021244444444444448 0.022494444444444373
13 0.9675 0.658125 0.054988095238095114 0.03873809523809513
01 0.781875 0.47687500000000005 0.016242977528089897 0.01624297752808984
06 0.355 0.661875 0.06749509803921566 0.038745098039215664
03 0.96 0.448125 0.01745689655172411 0.026206896551724146
20 0.08687500000000001 0.568125 0.023728448275862055 0.018728448275862064
11 0.215 0.9375 0.03488636363636366 0.02488636363636365
12 0.9650000000000001 0.20500000000000002 0.034985795454545277 0.03748579545454547
06 0.9268826219512195 0.943125 0.09373475609756099 0.03871951219512204
08 0.3862544642857143 0.5718749999999999 0.03499107142857144 0.03123214285714282
01 0.6031249999999999 0.5862499999999999 0.016237500000000016 0.014987500000000042
