18 0.40625 0.8712500000000001 0.019983552631578916 0.022483552631578863
06 0.90875 0.7075 0.029991610738254848 0.017491610738254892
06 0.094375 0.500625 0.023706896551724116 0.08120689655172408
01 0.053125 0.94 0.023744444444444443 0.014994444444444421
03 0.20937499999999998 0.8574999999999999 0.04373809523809527 0.044988095238095105
07 0.1 0.7306250000000001 0.0324929775280899 0.026242977528089795
06 0.24562499999999998 0.181875 0.04874509803921567 0.02374509803921568
06 0.60875 0.3275 0.03745689655172413 0.012456896551724106
15 0.055624999999999994 0.895625 0.018728448275862057 0.016228448275862117
08 0.49312500000000004 0.52125 0.018636363636363618 0.0323863636363636
03 0.37375 0.7362500000000001 0.007485795454545474 0.02248579545454532
12 0.54125 0.491875 0.03746951219512207 0.03621951219512198
08 0.06 0.5375000000000001 0.03248214285714285 0.009982142857142828
00 0.39875000000000005 0.07 0.0299875 0.027487500000000005
