12 0.08812500000000001 0.569375 0.06623355263157896 0.0987335526315789
16 0.29375 0.6124999999999999 0.07749161073825506 0.06249161073825493
03 0.516875 0.16125 0.04120689655172416 0.05245689655172414
01 0.931875 0.47125 0.04624444444444431 0.0424944444444445
11 0.03375 0.830625 0.049988095238095234 0.03373809523809512
08 0.273125 0.8843749999999999 0.061242977528089854 0.03374297752808986
01 0.33999999999999997 0.94125 0.029995098039215684 0.027495098039215682
04 0.428125 0.6968749999999999 0.04620689655172411 0.03120689655172415
06 0.114375 0.12187500000000001 0.07372844827586207 0.06122844827586206
03 0.8474999999999999 0.17312500000000003 0.047386363636363726 0.03863636363636366
