04 0.14625 0.87625 0.024983552631578948 0.019983552631578916
04 0.9293770973154363 0.419375 0.016245805369127453 0.013741610738255083
14 0.640625 0.625625 0.02120689655172403 0.03370689655172421
03 0.693125 0.2243736111111111 0.051244444444444426 0.01874722222222222
08 0.116875 0.399375 0.031238095238095245 0.016238095238095274
06 0.7093750000000001 0.925 0.043742977528089866 0.039992977528089835
09 0.568125 0.179375 0.021245098039215704 0.02374509803921568
11 0.35625 0.9212499999999999 0.022456896551724115 0.022456896551724115
04 0.624375 0.240625 0.02122844827586201 0.018728448275862064
03 0.049375 0.075 0.021136363636363634 0.04238636363636363
06 0.32437499999999997 0.255 0.011235795454545505 0.02498579545454549
09 0.936875 0.510625 0.013719512195121908 0.03121951219512198
