15 0.26625 0.38 0.077483552631579 0.03498355263157893
06 0.32875 0.333125 0.10999161073825503 0.08374161073825503
18 0.080625 0.83125 0.03870689655172414 0.039956896551724186
10 0.48624999999999996 0.080625 0.034994444444444495 0.02624444444444446
10 0.17812499999999998 0.05500000000000001 0.03373809523809526 0.029988095238095237
10 0.31375 0.631875 0.04749297752808984 0.03874297752808986
02 0.895625 0.7618750000000001 0.046245098039215726 0.05124509803921573
06 0.74125 0.48062499999999997 0.09745689655172407 0.0987068965517241
14 0.785 0.5987499999999999 0.06247844827586224 0.05497844827586207
10 0.8756250000000001 0.11750000000000001 0.04613636363636375 0.049886363636363645
02 0.863125 0.7375 0.0287357954545453 0.044985795454545285
04 0.401875 0.040624999999999994 0.04121951219512199 0.04371951219512195
