10 0.2625 0.43 0.03748355263157899 0.03498355263157893
01 0.150625 0.74125 0.023741610738255065 0.024991610738254955
19 0.41000000000000003 0.649375 0.027456896551724175 0.046206896551724164
02 0.49750000000000005 0.615 0.0399944444444445 0.06749444444444441
14 0.198125 0.5775 0.031238095238095287 0.04248809523809527
12 0.44062500000000004 0.924375 0.07374297752808984 0.07874297752808979
02 0.979375 0.681875 0.02624509803921571 0.046245098039215726
15 0.33499999999999996 0.514375 0.024956896551724117 0.02120689655172414
06 0.064375 0.505 0.018728448275862064 0.04747844827586212
08 0.92375 0.8006249999999999 0.05238636363636373 0.028636363636363682
12 0.815 0.8625 0.07998579545454543 0.05748579545454524
01 0.183125 0.77875 0.03121951219512198 0.029969512195121895
