07 0.6343749999999999 0.916875 0.02123355263157889 0.043733552631578965
14 0.756875 0.558125 0.031241610738254932 0.03624161073825505
02 0.6975 0.275625 0.04245689655172413 0.02120689655172414
03 0.196875 0.9625 0.061244444444444435 0.02499444444444432
03 0.775625 0.95375 0.03373809523809512 0.052488095238095056
15 0.20937499999999998 0.5506249999999999 0.05624297752808985 0.03124297752808991
20 0.75875 0.388125 0.02999509803921574 0.021245098039215704
20 0.10062499999999999 0.8887499999999999 0.018706896551724125 0.012456896551724106
08 0.91125 0.79625 0.024978448275862153 0.03497844827586216
15 0.028125 0.60875 0.01863636363636364 0.02488636363636365
