15 0.676875 0.955 0.008733552631578823 0.014983552631578911
03 0.6918770973154362 0.196875 0.016245805369127453 0.023741610738255037
03 0.35375 0.8725 0.03995689655172413 0.022456896551724115
03 0.430625 0.769375 0.02124444444444451 0.04624444444444431
18 0.38375000000000004 0.51875 0.017488095238095303 0.019988095238095194
12 0.0975 0.255 0.02499297752808989 0.029992977528089854
15 0.666875 0.651873774509804 0.02624509803921571 0.036247549019607805
08 0.76375 0.709375 0.01745689655172411 0.026206896551724146
11 0.07875 0.75125 0.019978448275862065 0.02747844827586221
12 0.9512499999999999 0.806875 0.02738636363636371 0.04863636363636381
06 0.2225 0.746875 0.007485795454545474 0.08873579545454524
03 0.326875 0.620625 0.053719512195122 0.02121951219512197
06 0.4 0.41125 0.044982142857142804 0.0374821428571428
