03 0.39125 0.44937499999999997 0.03998355263157888 0.04373355263157891
15 0.5818749999999999 0.89375 0.04124161073825505 0.042491610738254915
03 0.40874999999999995 0.484375 0.034956896551724126 0.05620689655172417
03 0.731875 0.6825 0.05874444444444438 0.03499444444444433
01 0.32999999999999996 0.45875 0.049988095238095276 0.03498809523809526
18 0.43374999999999997 0.700625 0.02999297752808988 0.03374297752808986
07 0.46499999999999997 0.594375 0.027495098039215737 0.11874509803921574
12 0.20124999999999998 0.115625 0.04995689655172411 0.051206896551724126
03 0.18937500000000002 0.4625 0.04372844827586206 0.03747844827586205
05 0.495625 0.536875 0.02863636363636357 0.0586363636363636
