03 0.82125 0.78125 0.019983552631578916 0.029983552631578814
03 0.91625 0.50125 0.11749161073825487 0.02499161073825501
10 0.42874999999999996 0.46562499999999996 0.03995689655172413 0.028706896551724148
10 0.35062499999999996 0.46125 0.038744444444444526 0.027494444444444488
00 0.871875 0.834375 0.03373809523809512 0.028738095238095118
13 0.22812500000000002 0.17562499999999998 0.05624297752808985 0.03874297752808989
10 0.4125 0.14687499999999998 0.03499509803921569 0.031245098039215685
08 0.08374999999999999 0.263125 0.04745689655172413 0.01370689655172408
10 0.566875 0.78375 0.018728448275862064 0.014978448275862255
08 0.06812499999999999 0.224375 0.021136363636363634 0.031136363636363656
02 0.7975 0.938125 0.02498579545454538 0.05123579545454526
