06 0.738125 0.265 0.04623355263157891 0.054983552631578975
03 0.5562499999999999 0.975 0.02999161073825507 0.024991610738254844
04 0.429375 0.92375 0.04870689655172411 0.057456896551724146
05 0.596875 0.6475 0.06624444444444444 0.039994444444444444
14 0.839375 0.596875 0.04373809523809513 0.0462380952380953
02 0.21249824438202247 0.606875 0.03749648876404493 0.09124297752808985
06 0.826875 0.841875 0.013745098039215642 0.18374509803921568
08 0.785625 0.35562499999999997 0.043706896551724106 0.028706896551724148
02 0.195625 0.5093749999999999 0.03372844827586208 0.06622844827586205
02 0.724375 0.7125 0.04113636363636375 0.05238636363636373
