03 0.97 0.385 0.029983552631578925 0.057483552631578894
19 0.34375 0.76 0.03249161073825502 0.03499161073825485
20 0.6368750000000001 0.8625 0.03120689655172415 0.029956896551724177
18 0.590625 0.329375 0.023744444444444457 0.02624444444444446
15 0.048125 0.301875 0.058738095238095235 0.031238095238095287
02 0.26375 0.654375 0.03749297752808986 0.03874297752808986
12 0.838125 0.258125 0.06874509803921569 0.06624509803921572
01 0.39125 0.258125 0.04745689655172414 0.046206896551724136
05 0.12125 0.13625 0.024978448275862083 0.05247844827586208
06 0.4675 0.3425 0.017386363636363644 0.034886363636363604
01 0.5193749999999999 0.816875 0.03873579545454542 0.031235795454545356
15 0.18937500000000002 0.233125 0.04871951219512197 0.03371951219512198
06 0.5031294642857143 0.780625 0.09124107142857135 0.043732142857142886
