03 0.925 0.9181208881578947 0.03248355263157887 0.01624177631578938
19 0.7931250000000001 0.1625 0.028741610738254875 0.022491610738255063
12 0.474375 0.335625 0.04120689655172416 0.0337068965517241
01 0.609375 0.72125 0.0212444444444444 0.017494444444444368
12 0.47 0.871875 0.032488095238095316 0.03373809523809512
11 0.30125 0.8243750000000001 0.027492977528089824 0.026242977528089795
06 0.111875 0.6812487745098039 0.03874509803921568 0.09249754901960783
03 0.959375 0.31875 0.026206896551724146 0.02995689655172412
19 0.79375 0.25875 0.032478448275862215 0.027478448275862072
06 0.670625 0.365 0.053636363636363704 0.054886363636363567
07 0.32999999999999996 0.95375 0.022485795454545487 0.03498579545454539
10 0.198125 0.586875 0.04121951219512199 0.02871951219512192
12 0.41000000000000003 0.72 0.0399821428571428 0.019982142857142837
