11 0.2525 0.596875 0.027483552631578978 0.023733552631578836
07 0.763125 0.020624999999999998 0.03624161073825494 0.013741610738255031
12 0.893125 0.669375 0.023706896551724088 0.026206896551724035
20 0.166875 0.12562500000000001 0.023744444444444457 0.016244444444444464
17 0.670625 0.5449999999999999 0.02623809523809517 0.029988095238095203
15 0.860625 0.69625 0.0212429775280899 0.012492977528089866
16 0.103125 0.47375 0.013745098039215684 0.032495098039215686
18 0.280625 0.575625 0.016206896551724137 0.018706896551724195
14 0.355 0.365 0.04247844827586206 0.009978448275862029
10 0.1725 0.200625 0.017386363636363672 0.018636363636363673
14 0.6437499999999999 0.15625 0.022485795454545432 0.01498579545454548
09 0.7962499999999999 0.443125 0.014969512195121992 0.028719512195121977
