05 0.16062500000000002 0.095625 0.02623355263157895 0.06373355263157895
10 0.68625 0.850625 0.042491610738254915 0.028741610738254875
03 0.9068750000000001 0.144375 0.03120689655172415 0.04120689655172412
03 0.833125 0.6168750000000001 0.04124444444444442 0.04624444444444442
16 0.511875 0.890625 0.08373809523809522 0.07623809523809522
01 0.218125 0.3325 0.03374297752808983 0.027492977528089824
10 0.39625 0.64125 0.042495098039215695 0.02999509803921563
04 0.8443750000000001 0.339375 0.053706896551724115 0.0362068965517241
15 0.578125 0.7262500000000001 0.073728448275862 0.05497844827586229
18 0.390625 0.38375000000000004 0.03863636363636358 0.03988636363636361
