20 0.383125 0.09125 0.013733552631578938 0.01748355263157894
07 0.37687499999999996 0.110625 0.033741610738255046 0.013741610738255056
03 0.10500000000000001 0.265625 0.02495689655172413 0.056206896551724145
03 0.703125 0.18062499999999998 0.018744444444444452 0.018744444444444425
14 0.6181279761904761 0.42875 0.056244047619047666 0.037488095238095265
04 0.60875 0.8062499999999999 0.029992977528089826 0.022492977528089875
12 0.8999999999999999 0.135 0.032495098039215686 0.0349950980392157
13 0.469375 0.703739224137931 0.06120689655172412 0.05247844827586212
18 0.85 0.516875 0.014978448275862144 0.018728448275862064
06 0.8631249999999999 0.593125 0.02363636363636379 0.016136363636363615
