04 0.32125 0.18875 0.03498355263157893 0.024983552631578976
02 0.66375 0.34125 0.042491610738254915 0.034991610738255075
13 0.506875 0.246875 0.07120689655172419 0.10370689655172416
15 0.950625 0.9224986111111111 0.026244444444444404 0.05499722222222214
12 0.708125 0.203125 0.031238095238095065 0.03623809523809529
02 0.68875 0.371875 0.03499297752808983 0.028742977528089853
14 0.208125 0.661875 0.023745098039215706 0.021245098039215704
04 0.6443749999999999 0.50125 0.0337068965517241 0.034956896551724126
10 0.84875 0.219375 0.03497844827586216 0.028728448275862045
11 0.668125 0.21437499999999998 0.043636363636363695 0.026136363636363652
