10 0.763125 0.56 0.0362335526315789 0.02498355263157881
20 0.86 0.375 0.03499161073825485 0.034991610738255075
14 0.09 0.034375 0.07995689655172412 0.03370689655172414
12 0.06562500000000002 0.218125 0.06874444444444447 0.06874444444444441
06 0.92125 0.3175 0.09998809523809515 0.0824880952380953
09 0.11 0.064375 0.05749297752808988 0.043742977528089894
16 0.544375 0.5643750000000001 0.05374509803921568 0.06124509803921574
15 0.395625 0.35562499999999997 0.04120689655172416 0.031206896551724095
10 0.84625 0.645 0.04747844827586223 0.04497844827586217
06 0.878125 0.2 0.02113636363636373 0.042386363636363666
