14 0.331875 0.134375 0.031233552631578898 0.03123355263157894
20 0.67875 0.20875 0.0274916107382549 0.022491610738255036
12 0.30125 0.28625 0.032456896551724124 0.032456896551724124
03 0.8187500000000001 0.093125 0.029994444444444324 0.023744444444444457
05 0.838125 0.188125 0.016238095238095163 0.04123809523809527
13 0.86375 0.05500000000000001 0.057492977528089906 0.062492977528089896
18 0.5487500000000001 0.90125 0.022495098039215677 0.024995098039215735
14 0.815625 0.115625 0.036206896551724044 0.023706896551724144
16 0.686875 0.333125 0.04122844827586225 0.03122844827586202
03 0.295 0.426875 0.04488636363636367 0.033636363636363575
03 0.45 0.89625 0.029985795454545494 0.07748579545454537
18 0.8768750000000001 0.9237500000000001 0.018719512195121912 0.022469512195122054
06 0.033754464285714283 0.24812499999999998 0.06499107142857143 0.04123214285714283
13 0.09812500000000002 0.366875 0.05873750000000001 0.03123750000000003
