18 0.126875 0.963125 0.01873355263157893 0.02123355263157889
02 0.8843749999999999 0.056875 0.028741610738254875 0.03124161073825503
03 0.568125 0.42874999999999996 0.03120689655172404 0.034956896551724126
03 0.25125 0.8356250000000001 0.017494444444444424 0.06374444444444427
03 0.52 0.3475 0.05748809523809523 0.04248809523809527
04 0.210625 0.23625000000000002 0.021242977528089846 0.02749297752808985
02 0.32437499999999997 0.481875 0.016245098039215644 0.04124509803921572
03 0.505 0.09187499999999998 0.02745689655172412 0.031206896551724136
09 0.743125 0.784375 0.018728448275862175 0.03372844827586219
14 0.7725 0.515 0.04238636363636372 0.03488636363636366
