01 0.20124999999999998 0.85375 0.014983552631578995 0.012483552631578965
12 0.431875 0.9612499999999999 0.02874161073825504 0.029991610738254848
06 0.666260775862069 0.5475000000000001 0.019978448275862037 0.05245689655172414
06 0.1725 0.798125 0.08499444444444443 0.0212444444444444
06 0.513125 0.741875 0.07123809523809521 0.028738095238095118
02 0.786875 0.630625 0.023742977528089848 0.02124297752808979
10 0.633125 0.2475 0.0162450980392157 0.012495098039215669
11 0.03875000000000001 0.459375 0.017456896551724145 0.01870689655172414
08 0.661875 0.49 0.01372844827586217 0.029978448275862046
10 0.44437499999999996 0.55375 0.01613636363636356 0.01738636363636359
07 0.57875 0.7475 0.03248579545454544 0.017485795454545427
03 0.6806173780487805 0.2425 0.02373475609756104 0.014969512195121992
08 0.359375 0.865 0.036232142857142824 0.019982142857142837
20 0.6325000000000001 0.976875 0.019987499999999936 0.02123750000000002
