00 0.057499999999999996 0.22062500000000002 0.03248355263157895 0.03123355263157898
03 0.846875 0.3725 0.026241610738254928 0.03249161073825502
15 0.25 0.6812499999999999 0.04995689655172411 0.019956896551724168
05 0.14 0.113125 0.032494444444444465 0.04624444444444448
15 0.823125 0.40437500000000004 0.02623809523809517 0.038738095238095294
16 0.59125 0.44 0.049992977528089955 0.029992977528089826
15 0.70875 0.14 0.022495098039215677 0.024995098039215707
13 0.186875 0.46375 0.06620689655172415 0.019956896551724168
07 0.161875 0.731875 0.08372844827586205 0.04372844827586231
15 0.79 0.81875 0.014886363636363753 0.03238636363636371
06 0.405625 0.16312500000000002 0.09873579545454547 0.07373579545454548
13 0.519375 0.450625 0.07371951219512202 0.07621951219512202
