20 0.5249999999999999 0.530625 0.009983552631578907 0.008733552631578823
11 0.305 0.8243750000000001 0.024991610738255066 0.026241610738254928
14 0.5687500000000001 0.56625 0.019956896551724168 0.01745689655172411
14 0.78125 0.125 0.02499444444444432 0.02999444444444445
18 0.908125 0.70875 0.01873809523809511 0.02248809523809514
03 0.6487499999999999 0.98 0.02499297752808982 0.01749297752808987
13 0.813125 0.304375 0.04874509803921567 0.05374509803921568
02 0.035 0.776875 0.024956896551724145 0.05120689655172406
15 0.515 0.70875 0.0274784482758621 0.032478448275862215
20 0.736875 0.6168750000000001 0.01363636363636378 0.016136363636363504
09 0.448125 0.85625 0.028735795454545465 0.014985795454545259
12 0.95875 0.110625 0.022469512195121943 0.023719512195121945
12 0.665 0.509375 0.03498214285714285 0.043732142857142886
