00 0.09812499999999999 0.145625 0.04623355263157895 0.03873355263157896
16 0.208125 0.84375 0.04874161073825506 0.06249161073825493
01 0.135625 0.071875 0.03370689655172414 0.036206896551724134
20 0.145 0.195 0.039994444444444444 0.039994444444444416
04 0.525 0.098125 0.04248809523809527 0.036238095238095236
00 0.6375 0.979375 0.02499297752808982 0.016242977528089897
11 0.90625 0.95375 0.03749509803921569 0.0474950980392157
08 0.21875 0.7575000000000001 0.06245689655172415 0.04495689655172408
04 0.309375 0.6487499999999999 0.04622844827586203 0.04247844827586211
08 0.329375 0.845 0.0636363636363636 0.022386363636363704
03 0.07625000000000001 0.18562499999999998 0.014985795454545467 0.038735795454545446
10 0.28 0.30874999999999997 0.03746951219512201 0.03746951219512201
08 0.68625 0.06812499999999999 0.022482142857142784 0.01873214285714285
