11 0.65875 0.486875 0.029983552631578925 0.02123355263157889
03 0.20875 0.6781250000000001 0.04749161073825506 0.028741610738254875
06 0.320625 0.19437500000000002 0.036206896551724155 0.046206896551724136
15 0.890625 0.6425 0.018744444444444452 0.022494444444444373
06 0.045625 0.441875 0.04123809523809524 0.056238095238095254
04 0.725 0.374375 0.019992977528089817 0.01624297752808984
14 0.608125 0.8612500000000001 0.011245098039215695 0.01999509803921573
03 0.47875 0.323114224137931 0.012456896551724106 0.016228448275862062
17 0.8975 0.473125 0.029978448275862157 0.03622844827586208
06 0.239375 0.341875 0.018636363636363673 0.07113636363636366
12 0.14500000000000002 0.9768749999999999 0.027485795454545464 0.031235795454545356
14 0.70625 0.24375000000000002 0.01746951219512194 0.02246951219512197
15 0.4425 0.88375 0.02748214285714279 0.0374821428571428
09 0.36750000000000005 0.594375 0.03998750000000001 0.02123750000000002
