10 0.486875 0.58125 0.07373355263157888 0.047483552631578885
13 0.82125 0.83125 0.33249161073825484 0.0949916107382549
04 0.11937500000000001 0.22249999999999998 0.06620689655172414 0.06245689655172412
13 0.64625 0.190625 0.15749444444444438 0.09624444444444447
00 0.77 0.9237500000000001 0.09498809523809515 0.07248809523809518
10 0.10062499999999999 0.356875 0.05874297752808988 0.04124297752808981
07 0.48250000000000004 0.8318749999999999 0.14499509803921568 0.24124509803921568
14 0.320625 0.4775 0.1062068965517241 0.10495689655172413
16 0.915625 0.48812500000000003 0.1162284482758622 0.10372844827586208
15 0.71625 0.49374999999999997 0.09988636363636372 0.054886363636363567
14 0.22625 0.5606249999999999 0.04998579545454543 0.14123579545454545
14 0.755 0.124375 0.082469512195122 0.03371951219512195
10 0.78375 0.815 0.08498214285714278 0.06248214285714282
