04 0.305 0.745625 0.03498355263157893 0.026233552631578894
14 0.69 0.6275 0.032491610738254906 0.05499161073825498
04 0.628125 0.30874999999999997 0.0337068965517241 0.024956896551724117
06 0.371875 0.075625 0.016244444444444506 0.03124444444444445
14 0.714375 0.301875 0.028738095238095118 0.023738095238095225
04 0.6581250000000001 0.6725 0.03374297752808986 0.029992977528089826
00 0.870625 0.53125 0.031245098039215713 0.02999509803921563
05 0.774375 0.6399999999999999 0.03120689655172415 0.04245689655172413
13 0.76 0.5 0.03747844827586222 0.044978448275862115
14 0.042499999999999996 0.6075 0.03488636363636363 0.047386363636363615
12 0.486875 0.6993750000000001 0.05623579545454549 0.06623579545454528
18 0.284375 0.926875 0.026219512195121975 0.028719512195122032
