19 0.3325 0.42125 0.02498355263157892 0.022483552631578918
03 0.284375 0.475 0.02624161073825504 0.03999161073825502
03 0.133125 0.776875 0.02370689655172413 0.016206896551724137
16 0.816875 0.8131250000000001 0.03874444444444436 0.02874444444444435
12 0.9425 0.8325 0.0399880952380951 0.02998809523809509
15 0.174375 0.828125 0.01374297752808984 0.018742977528089844
03 0.6775 0.57375 0.07499509803921578 0.06249509803921571
03 0.818125 0.349375 0.0237068965517242 0.016206896551724137
06 0.608125 0.8356250000000001 0.008728448275862055 0.056228448275862264
12 0.816875 0.6825 0.033636363636363686 0.03488636363636366
