03 0.038125000000000006 0.780625 0.04623355263157895 0.053733552631578974
13 0.36250000000000004 0.45 0.11749161073825504 0.08749161073825507
12 0.195 0.67125 0.05245689655172414 0.04745689655172414
12 0.23750000000000002 0.23062500000000002 0.10499444444444445 0.04624444444444445
02 0.18125000000000002 0.321875 0.04998809523809525 0.0487380952380953
06 0.8356250000000001 0.41000000000000003 0.016242977528089786 0.11999297752808985
12 0.67125 0.43 0.06499509803921577 0.06749509803921572
19 0.390625 0.889375 0.036206896551724155 0.053706896551724115
18 0.21625 0.30437499999999995 0.029978448275862046 0.031228448275862075
03 0.6431250000000001 0.176875 0.011136363636363722 0.04363636363636364
10 0.49875 0.28875 0.032485795454545496 0.03248579545454544
10 0.651875 0.39375 0.03621951219512198 0.03496951219512201
10 0.673125 0.85375 0.02123214285714281 0.019982142857142837
04 0.039999999999999994 0.475 0.0374875 0.0299875
