11 0.2875 0.985625 0.022483552631578974 0.02873355263157895
09 0.4368770973154362 0.9056249999999999 0.023745805369127515 0.01624161073825492
06 0.13874999999999998 0.1175 0.027456896551724147 0.01245689655172412
08 0.045625 0.5175000000000001 0.03874444444444444 0.014994444444444421
04 0.1825 0.09812499999999999 0.024988095238095254 0.018738095238095234
03 0.40249999999999997 0.139375 0.02249297752808982 0.016242977528089897
03 0.524375 0.2425 0.008750000000000036 0.019995098039215703
11 0.934375 0.684375 0.028706896551724204 0.02120689655172414
05 0.869375 0.5874999999999999 0.018728448275862286 0.024978448275862042
07 0.4894034090909091 0.50125 0.03869318181818182 0.029886363636363544
01 0.8343750000000001 0.7775000000000001 0.011235795454545339 0.009985795454545365
09 0.09 0.930625 0.01746951219512194 0.011219512195121961
20 0.5425 0.61 0.022482142857142895 0.01748214285714278
00 0.84125 0.906875 0.02498750000000005 0.023737499999999967
