07 0.42625 0.10999999999999999 0.04998355263157889 0.06248355263157894
03 0.16625 0.4925 0.01749161073825503 0.01999161073825506
15 0.59125 0.460625 0.05495689655172409 0.05120689655172417
11 0.4425 0.3475 0.0424944444444445 0.0374944444444445
11 0.569375 0.680625 0.04373809523809524 0.028738095238095118
12 0.7275 0.39875 0.047492977528089786 0.05499297752808985
03 0.82125 0.593125 0.03749509803921569 0.046245098039215726
03 0.721875 0.32375 0.04120689655172416 0.05245689655172414
05 0.39875000000000005 0.651875 0.03747844827586205 0.043728448275862086
10 0.93625 0.5800000000000001 0.03738636363636372 0.0323863636363636
16 0.64125 0.96625 0.03498579545454539 0.05748579545454524
03 0.9125 0.9125 0.04996951219512202 0.022469512195121943
01 0.0975 0.318125 0.03248214285714286 0.03373214285714282
