13 0.745625 0.234375 0.053733552631578974 0.09123355263157895
04 0.41000000000000003 0.95875 0.03749161073825508 0.032491610738254906
00 0.34125 0.64625 0.029956896551724177 0.022456896551724115
11 0.27749999999999997 0.6012500000000001 0.03749444444444444 0.039994444444444555
11 0.395 0.6956249999999999 0.03248809523809526 0.023738095238095114
18 0.661875 0.4575 0.026242977528089906 0.027492977528089824
20 0.8300000000000001 0.566875 0.014995098039215615 0.011245098039215695
09 0.6375 0.43875 0.029956896551724177 0.034956896551724126
03 0.730625 0.8868750000000001 0.06372844827586222 0.046228448275862255
06 0.503125 0.33875 0.08363636363636362 0.07238636363636364
