07 0.24875 0.018125000000000002 0.06748355263157896 0.01873355263157895
04 0.951875 0.140625 0.02374161073825487 0.02624161073825504
02 0.41374999999999995 0.57375 0.02995689655172412 0.02745689655172412
18 0.164375 0.226875 0.013744444444444448 0.016244444444444422
09 0.32875 0.700625 0.017488095238095247 0.03873809523809513
14 0.163125 0.25812500000000005 0.053742977528089875 0.01624297752808984
18 0.3075 0.558125 0.014995098039215726 0.018745098039215646
00 0.07999999999999999 0.22062500000000002 0.02245689655172413 0.01870689655172411
01 0.46062499999999995 0.575 0.011228448275862057 0.012478448275862086
15 0.0375 0.36250000000000004 0.007386363636363635 0.014886363636363587
05 0.16625 0.513125 0.019985795454545457 0.0187357954545454
20 0.135 0.145625 0.01996951219512194 0.021219512195121942
