13 0.30437499999999995 0.77125 0.06623355263157898 0.05998355263157884
03 0.6056250000000001 0.636875 0.03374161073825499 0.028741610738254986
04 0.8725 0.688125 0.02745689655172423 0.018706896551724084
15 0.96375 0.51625 0.027494444444444266 0.039994444444444444
07 0.5237529761904762 0.58875 0.04749404761904763 0.02248809523809525
15 0.87 0.6168750000000001 0.01749297752808987 0.05624297752808982
07 0.14500000000000002 0.618125 0.009995098039215694 0.04124509803921572
20 0.49812500000000004 0.8418749999999999 0.0262068965517242 0.023706896551724088
03 0.18125 0.859375 0.04247844827586206 0.036228448275862135
20 0.15812500000000002 0.17875000000000002 0.013636363636363641 0.012386363636363668
01 0.859375 0.356875 0.03623579545454536 0.026235795454545463
20 0.29625 0.5275000000000001 0.027469512195122003 0.027469512195121948
