04 0.71875 0.195 0.03998355263157882 0.03248355263157898
07 0.56375 0.29625 0.04999161073825509 0.08249161073825506
16 0.06625 0.93625 0.04495689655172414 0.0749568965517241
12 0.6824999999999999 0.40312499999999996 0.08499444444444448 0.08624444444444451
06 0.188125 0.911875 0.16873809523809524 0.10123809523809513
14 0.670625 0.384375 0.03874297752808986 0.07124297752808989
10 0.05375 0.04625 0.027495098039215696 0.017495098039215687
03 0.941875 0.755625 0.026206896551724146 0.0387068965517241
20 0.855 0.769375 0.02747844827586221 0.02372844827586218
18 0.22375 0.094375 0.03238636363636366 0.03613636363636363
18 0.134375 0.451875 0.031235795454545467 0.03373579545454547
11 0.165 0.025 0.05246951219512197 0.03996951219512195
