16 0.5275000000000001 0.493125 0.05248355263157889 0.043733552631578854
02 0.3325 0.771875 0.04499161073825503 0.0637416107382549
11 0.415625 0.33625 0.03370689655172415 0.02745689655172412
14 0.10750000000000001 0.7831250000000001 0.049994444444444466 0.02874444444444435
18 0.396875 0.031875 0.021238095238095278 0.023738095238095235
20 0.599375 0.631875 0.04124297752808981 0.03374297752808986
03 0.92625 0.04375 0.027495098039215682 0.044995098039215684
02 0.755625 0.6699999999999999 0.05120689655172406 0.02495689655172406
03 0.6975 0.924375 0.02747844827586221 0.028728448275862184
13 0.581875 0.5125 0.02863636363636357 0.13238636363636352
05 0.806875 0.108125 0.01873579545454529 0.04373579545454548
04 0.65375 0.098125 0.029969512195121895 0.02871951219512195
