16 0.113125 0.590625 0.03623355263157896 0.0362335526315789
15 0.37625 0.6481250000000001 0.009991610738254997 0.02374161073825498
12 0.628125 0.10999999999999999 0.04870689655172411 0.037456896551724114
06 0.57875 0.06812499999999999 0.009994444444444417 0.10124444444444444
03 0.07875 0.795625 0.022488095238095224 0.05123809523809508
14 0.764375 0.6231249999999999 0.018742977528089844 0.0212429775280899
08 0.034376225490196075 0.353125 0.033747549019607845 0.023745098039215706
12 0.12937500000000002 0.5375 0.046206896551724136 0.039956896551724075
18 0.053750000000000006 0.21250000000000002 0.019978448275862072 0.022478448275862067
10 0.334375 0.023125 0.021136363636363564 0.023636363636363636
13 0.0325 0.693125 0.009985795454545462 0.0762357954545454
03 0.52875 0.6200000000000001 0.019969512195121886 0.06746951219512198
13 0.11375 0.301875 0.06998214285714285 0.05373214285714284
07 0.115625 0.818125 0.041237499999999996 0.016237500000000016
