04 0.66125 0.7075 0.022483552631578974 0.017483552631578858
06 0.67375 0.0775 0.022491610738254897 0.024991610738255038
14 0.7962499999999999 0.555625 0.032456896551724124 0.0337068965517241
01 0.340625 0.980625 0.02124444444444451 0.0212444444444444
07 0.490625 0.6525000000000001 0.05373809523809525 0.012488095238095132
08 0.9437500000000001 0.16375 0.012492977528089866 0.03749297752808986
03 0.855625 0.446875 0.028745098039215655 0.03624509803921566
05 0.41812499999999997 0.40437500000000004 0.028706896551724148 0.023706896551724144
03 0.8868750000000001 0.4875 0.026228448275862237 0.014978448275862033
18 0.025 0.689375 0.017386363636363634 0.02113636363636373
16 0.026250000000000002 0.800625 0.027485795454545457 0.026235795454545352
03 0.233125 0.78 0.023719512195121972 0.04496951219512202
