12 0.88125 0.858125 0.04498355263157894 0.05373355263157886
12 0.365 0.24375000000000002 0.034991610738255075 0.04749161073825506
10 0.564375 0.37250000000000005 0.036206896551724155 0.034956896551724126
12 0.171875 0.28500000000000003 0.03624444444444444 0.042494444444444446
15 0.21437499999999998 0.24625000000000002 0.036238095238095264 0.02248809523809528
11 0.24625 0.819375 0.04749297752808984 0.023742977528089848
12 0.0975 0.063125 0.0449950980392157 0.051245098039215696
03 0.108125 0.730625 0.053706896551724115 0.11870689655172417
08 0.135625 0.5925 0.016228448275862062 0.05497844827586207
07 0.240625 0.650625 0.05863636363636365 0.018636363636363784
15 0.085625 0.276875 0.013735795454545452 0.028735795454545465
05 0.94875 0.69 0.047469512195121966 0.029969512195121895
04 0.885625 0.565 0.03873214285714277 0.029982142857142846
