08 0.7050000000000001 0.81625 0.054983552631578836 0.057483552631578894
18 0.5375 0.27875 0.014991610738255057 0.017491610738255003
06 0.243125 0.10250000000000001 0.023706896551724144 0.02245689655172413
14 0.111875 0.18375 0.023744444444444457 0.014994444444444421
15 0.5425 0.3825 0.029988095238095314 0.027488095238095256
19 0.27249999999999996 0.745 0.027492977528089824 0.01749297752808987
14 0.78125 0.245 0.017495098039215673 0.027495098039215682
08 0.02313577586206897 0.013125000000000001 0.03622844827586207 0.013706896551724138
12 0.115625 0.40437500000000004 0.028728448275862073 0.04622844827586209
11 0.3775 0.790625 0.022386363636363593 0.02113636363636373
03 0.54 0.964375 0.03248579545454544 0.0287357954545453
