03 0.926875 0.6499999999999999 0.026233552631578894 0.0624835526315789
12 0.505625 0.19874999999999998 0.04124161073825511 0.05249161073825506
04 0.15125 0.5725 0.032456896551724124 0.032456896551724124
20 0.8887499999999999 0.8825000000000001 0.017494444444444368 0.017494444444444368
11 0.928125 0.903125 0.03623809523809518 0.023738095238095114
12 0.052500000000000005 0.94875 0.0399929775280899 0.039992977528089835
14 0.080625 0.90875 0.0912450980392157 0.027495098039215793
03 0.153125 0.305 0.02870689655172412 0.02745689655172412
15 0.099375 0.6100000000000001 0.018728448275862064 0.03497844827586205
20 0.355 0.48812500000000003 0.01988636363636359 0.013636363636363613
04 0.826875 0.556875 0.023735795454545294 0.02123579545454546
08 0.514375 0.07125 0.04121951219512199 0.022469512195121936
20 0.17062499999999997 0.44875 0.026232142857142843 0.027482142857142844
18 0.964375 0.644375 0.018737500000000074 0.02123750000000002
