20 0.974375 0.285625 0.02123355263157889 0.018733552631578998
12 0.033125 0.83875 0.021241610738255028 0.03499161073825485
19 0.649375 0.078125 0.018706896551724195 0.026206896551724132
00 0.87125 0.51625 0.02499444444444432 0.02499444444444454
03 0.665 0.735625 0.017488095238095136 0.031238095238095176
20 0.541875 0.26625 0.016242977528089897 0.01749297752808987
13 0.09 0.759375 0.0599950980392157 0.018745098039215646
02 0.864375 0.31562500000000004 0.02120689655172403 0.023706896551724144
04 0.6487499999999999 0.250625 0.0174784482758622 0.01372844827586206
11 0.62 0.33375 0.01738636363636359 0.01988636363636359
14 0.6225 0.9606250000000001 0.029985795454545383 0.016235795454545232
06 0.05749237804878049 0.8812500000000001 0.029984756097560968 0.04496951219512202
