13 0.57125 0.653125 0.0674835526315789 0.04123355263157891
04 0.951875 0.784375 0.03624161073825494 0.02374161073825498
08 0.9768749999999999 0.62 0.018706896551724195 0.029956896551724066
05 0.12312499999999998 0.18062499999999998 0.03374444444444445 0.02374444444444443
06 0.153125 0.20625 0.016238095238095274 0.03498809523809529
13 0.92125 0.8162499999999999 0.1099929775280899 0.0674929775280898
06 0.86 0.54 0.017495098039215673 0.032495098039215686
11 0.9762500000000001 0.9299999999999999 0.029956896551724177 0.029956896551724177
00 0.51 0.244375 0.039978448275862055 0.041228448275862056
06 0.680625 0.4825 0.026136363636363735 0.0948863636363636
11 0.6893750000000001 0.34125 0.04373579545454531 0.0349857954545455
