10 0.555625 0.9475 0.031233552631578898 0.019983552631578916
07 0.8924979026845637 0.823125 0.0499958053691274 0.048741610738255
13 0.45 0.5218750000000001 0.012456896551724106 0.04120689655172416
04 0.041249999999999995 0.210625 0.032494444444444444 0.02374444444444443
11 0.37375 0.944375 0.03498809523809526 0.041238095238095185
14 0.32375 0.683125 0.04499297752808984 0.03874297752808986
11 0.85875 0.59125 0.034995098039215744 0.024995098039215624
03 0.28125 0.605 0.02745689655172412 0.0549568965517242
12 0.031249999999999997 0.259375 0.049978448275862064 0.051228448275862065
01 0.875625 0.08687500000000001 0.018636363636363784 0.01613636363636363
12 0.098125 0.18625 0.04623579545454545 0.04498579545454545
13 0.711875 0.38875000000000004 0.08871951219512197 0.017469512195121994
