14 0.39249999999999996 0.5349999999999999 0.08498355263157892 0.04998355263157894
05 0.2425 0.23249999999999998 0.05999161073825507 0.03999161073825505
17 0.50625 0.135 0.05995689655172409 0.05995689655172412
06 0.7800013888888889 0.770625 0.02999722222222223 0.1562444444444444
02 0.08875 0.13375 0.09498809523809523 0.06498809523809525
03 0.775 0.354375 0.049992977528089844 0.02624297752808985
12 0.24312499999999998 0.441875 0.0512450980392157 0.05374509803921568
10 0.9750000000000001 0.234375 0.032456896551724124 0.036206896551724155
15 0.94625 0.5775 0.029978448275862157 0.06247844827586202
00 0.43374999999999997 0.809375 0.04488636363636361 0.043636363636363806
04 0.6875 0.975 0.04748579545454534 0.037485795454545334
04 0.80375 0.7731250000000001 0.047469512195121966 0.03621951219512198
