07 0.516875 0.086875 0.04873355263157886 0.051233552631578944
06 0.19062290268456378 0.135 0.023745805369127543 0.09249161073825504
02 0.23625000000000002 0.9275 0.03245689655172415 0.039956896551724075
03 0.9437500000000001 0.77125 0.029994444444444324 0.03499444444444433
03 0.171875 0.763125 0.018738095238095276 0.01623809523809505
04 0.129375 0.2825 0.018742977528089885 0.02249297752808982
15 0.691875 0.29875 0.021245098039215704 0.042495098039215695
00 0.379375 0.888125 0.028706896551724148 0.018706896551724195
05 0.463125 0.274375 0.03622844827586208 0.028728448275862073
06 0.361875 0.13124999999999998 0.013636363636363558 0.029886363636363628
07 0.291875 0.5093749999999999 0.08373579545454546 0.016235795454545454
18 0.110625 0.896875 0.016219512195121938 0.018719512195122023
12 0.590625 0.854375 0.04123214285714283 0.04873214285714278
01 0.5631250000000001 0.042499999999999996 0.016237500000000016 0.017487499999999996
