11 0.148125 0.8587499999999999 0.03873355263157896 0.04248355263157888
08 0.175 0.330625 0.012491610738255027 0.05374161073825501
03 0.245 0.61375 0.022456896551724115 0.04745689655172414
14 0.2475 0.58125 0.02499444444444443 0.05499444444444446
03 0.548125 0.566875 0.021238095238095278 0.031238095238095287
04 0.18875 0.071875 0.022492977528089875 0.031242977528089896
14 0.050625 0.15437499999999998 0.03624509803921569 0.021245098039215676
12 0.828125 0.818125 0.07370689655172402 0.05620689655172417
04 0.128125 0.5387500000000001 0.03872844827586207 0.032478448275862104
12 0.895625 0.67875 0.04613636363636364 0.04488636363636378
01 0.3225 0.6581250000000001 0.0349857954545455 0.0337357954545453
09 0.905 0.49125 0.022469512195121943 0.047469512195121966
06 0.5 0.8587499999999999 0.07998214285714278 0.039982142857142855
20 0.119375 0.8325 0.0287375 0.02498749999999994
