06 0.6656249999999999 0.92875 0.02123355263157889 0.04248355263157888
14 0.23249999999999998 0.365625 0.014991610738255029 0.018741610738255032
10 0.013125000000000001 0.95875 0.013706896551724138 0.014956896551724164
13 0.190625 0.97875 0.011244444444444418 0.04249444444444439
07 0.51125 0.9568749999999999 0.044988095238095216 0.0762380952380951
06 0.7750017556179776 0.2725 0.03499648876404493 0.054992977528089876
12 0.125 0.603125 0.027495098039215682 0.02624509803921571
03 0.839375 0.47375 0.028706896551724093 0.012456896551724106
04 0.7675 0.12062500000000001 0.022478448275862206 0.023728448275862082
06 0.984375 0.088125 0.023636363636363678 0.03613636363636363
07 0.305625 0.67625 0.041235795454545476 0.01498579545454537
01 0.1387576219512195 0.033125 0.004984756097560966 0.00621951219512195
12 0.250625 0.625625 0.026232142857142815 0.02873214285714276
10 0.645625 0.173125 0.028737500000000082 0.018737500000000018
