18 0.8518749999999999 0.805625 0.016233552631578996 0.018733552631578942
18 0.89 0.258125 0.01999161073825495 0.023741610738255065
16 0.155 0.39437500000000003 0.024956896551724117 0.04620689655172411
10 0.33687500000000004 0.9025 0.023744444444444512 0.022494444444444373
14 0.50875 0.365625 0.024988095238095254 0.016238095238095274
14 0.72875 0.166875 0.02749297752808988 0.01874297752808987
01 0.963125 0.165625 0.018745098039215646 0.018745098039215702
12 0.445625 0.5718749999999999 0.03120689655172415 0.0337068965517241
01 0.249375 0.565625 0.026228448275862043 0.021228448275862122
03 0.18625 0.56625 0.03238636363636366 0.037386363636363606
07 0.39875000000000005 0.65625 0.059985795454545465 0.03498579545454539
