04 0.1725 0.5900000000000001 0.042483552631578964 0.039983552631578934
02 0.6968770973154363 0.7068749999999999 0.051245805369127484 0.06874161073825491
11 0.75125 0.838125 0.039956896551724075 0.03120689655172404
12 0.673125 0.67375 0.041244444444444306 0.04499444444444434
14 0.31000000000000005 0.709375 0.03998809523809527 0.02623809523809517
03 0.20124999999999998 0.6375 0.02499297752808985 0.029992977528089937
03 0.9099987745098039 0.48625 0.06999754901960786 0.03999509803921575
03 0.7737499999999999 0.229375 0.04495689655172408 0.053706896551724115
03 0.5793696120689655 0.711875 0.026239224137931005 0.05872844827586221
06 0.063125 0.4275 0.10613636363636364 0.012386363636363584
01 0.88 0.5125 0.03498579545454539 0.02998579545454544
00 0.80125 0.4325 0.03746951219512196 0.027469512195121948
