04 0.8887499999999999 0.778125 0.027483552631578978 0.026233552631578894
08 0.7175 0.745 0.012491610738254888 0.014991610738254835
13 0.41812499999999997 0.536875 0.02620689655172409 0.04870689655172411
14 0.280625 0.8756250000000001 0.031244444444444408 0.02874444444444435
18 0.01625 0.36624999999999996 0.014988095238095234 0.017488095238095303
18 0.51625 0.663125 0.01749297752808987 0.018742977528089844
20 0.5862499999999999 0.606875 0.014995098039215615 0.013745098039215642
13 0.7775 0.8318749999999999 0.05995689655172409 0.07120689655172419
07 0.8162499999999999 0.76 0.049978448275862175 0.03497844827586216
14 0.44499999999999995 0.451875 0.014886363636363587 0.028636363636363626
08 0.2375 0.13937144886363637 0.029985795454545466 0.031242897727272734
13 0.6331249999999999 0.93625 0.016219512195121966 0.05496951219512203
