14 0.44 0.844375 0.0724835526315789 0.033733552631578956
15 0.2975 0.16375 0.027491610738255068 0.03749161073825505
16 0.175625 0.640625 0.06120689655172412 0.05120689655172406
03 0.35124999999999995 0.09312500000000001 0.04999444444444451 0.058744444444444446
01 0.8981250000000001 0.226875 0.041238095238095185 0.038738095238095266
01 0.3125 0.439375 0.03499297752808983 0.028742977528089853
09 0.885625 0.935625 0.03624509803921572 0.03624509803921572
16 0.35562499999999997 0.85875 0.04620689655172411 0.0699568965517241
03 0.744375 0.92875 0.06372844827586222 0.06497844827586219
16 0.298125 0.359375 0.0686363636363636 0.04613636363636364
13 0.870625 0.3325 0.07873579545454534 0.13248579545454547
