20 0.7068791118421053 0.173125 0.006241776315789371 0.006233552631578987
16 0.525625 0.58375 0.01624161073825503 0.02999161073825496
13 0.23249999999999998 0.974375 0.024956896551724145 0.04120689655172405
18 0.09437499999999999 0.6637500000000001 0.013744444444444462 0.017494444444444368
01 0.29437500000000005 0.13874999999999998 0.013738095238095271 0.014988095238095217
06 0.5631250000000001 0.550625 0.06624297752808983 0.05124297752808982
15 0.785625 0.051875000000000004 0.0162450980392157 0.011245098039215688
03 0.6868749999999999 0.85875 0.02120689655172414 0.01745689655172411
12 0.14875 0.0325 0.029978448275862074 0.049978448275862064
14 0.465625 0.625625 0.023636363636363567 0.02863636363636357
06 0.6175035511363636 0.7168749999999999 0.017492897727272694 0.06123579545454538
