17 0.065 0.57625 0.04498355263157895 0.047483552631578885
20 0.31625000000000003 0.983125 0.03499161073825502 0.028741610738254875
04 0.328125 0.26875 0.023706896551724088 0.022456896551724115
06 0.254375 0.41125 0.0812444444444444 0.09249444444444449
13 0.629375 0.2025 0.10373809523809518 0.10998809523809527
03 0.45 0.05437499999999999 0.022492977528089875 0.03874297752808988
08 0.13874999999999998 0.19374999999999998 0.019995098039215703 0.0774950980392157
14 0.15625 0.16062500000000002 0.07745689655172412 0.02870689655172412
20 0.70875 0.32875 0.02997844827586227 0.02247844827586204
20 0.5725 0.628125 0.022386363636363593 0.018636363636363673
11 0.8925 0.33125000000000004 0.04748579545454534 0.03998579545454545
06 0.965 0.40375 0.05246951219512197 0.13746951219512193
