10 0.634375 0.040625 0.033733552631578956 0.03123355263157895
03 0.16937290268456376 0.103125 0.036245805369127526 0.026241610738255053
10 0.671875 0.8574999999999999 0.03120689655172404 0.019956896551724168
19 0.19 0.4325 0.04499444444444445 0.044994444444444504
15 0.71375 0.756875 0.037488095238095154 0.03373809523809512
15 0.09625 0.08625 0.017492977528089884 0.027492977528089893
15 0.305 0.541875 0.017495098039215673 0.028745098039215655
04 0.239375 0.850625 0.03870689655172413 0.026206896551724146
06 0.22562500000000002 0.3175 0.10372844827586206 0.024978448275862042
12 0.83375 0.0875 0.047386363636363726 0.037386363636363634
06 0.43187855113636364 0.9212499999999999 0.06874289772727271 0.10498579545454534
14 0.298125 0.586875 0.038719512195121986 0.07121951219512201
04 0.580625 0.17875000000000002 0.03873214285714288 0.02998214285714282
00 0.033749999999999995 0.28312499999999996 0.04248749999999999 0.04123749999999998
