02 0.383125 0.1875 0.061233552631578925 0.03998355263157899
20 0.225 0.2025 0.01749161073825506 0.014991610738255029
08 0.30374999999999996 0.384375 0.06995689655172416 0.031206896551724095
09 0.354375 0.7949999999999999 0.07374444444444445 0.04999444444444434
11 0.031875 0.870625 0.05373809523809524 0.03373809523809512
00 0.1225 0.5762499999999999 0.032492977528089884 0.03499297752808983
03 0.87 0.23125 0.024995098039215735 0.024995098039215707
11 0.325 0.57375 0.04245689655172413 0.032456896551724124
09 0.19124999999999998 0.628125 0.07747844827586206 0.04122844827586214
08 0.561875 0.161875 0.051136363636363535 0.03613636363636366
11 0.7462500000000001 0.22749999999999998 0.034985795454545277 0.039985795454545475
08 0.25125 0.304375 0.024969512195121973 0.026219512195121975
