02 0.9125 0.5125 0.11748355263157895 0.07748355263157886
03 0.606875 0.930625 0.04124161073825505 0.08624161073825487
07 0.61375 0.46748922413793104 0.04495689655172419 0.03747844827586211
00 0.773125 0.195625 0.043744444444444364 0.028744444444444434
13 0.709375 0.4 0.08123809523809511 0.05748809523809523
10 0.921875 0.10125 0.043742977528089755 0.0324929775280899
06 0.8768750000000001 0.539375 0.02374509803921565 0.1537450980392157
11 0.52125 0.855625 0.054956896551724144 0.028706896551724093
01 0.38625 0.77 0.05497844827586207 0.042478448275862224
18 0.306875 0.294375 0.03363636363636363 0.033636363636363686
00 0.15749999999999997 0.43437499999999996 0.03248579545454547 0.02373579545454546
20 0.7 0.88 0.03496951219512201 0.03746951219512207
05 0.873125 0.589375 0.04623214285714283 0.04873214285714278
