04 0.086875 0.173125 0.023733552631578947 0.018733552631578998
20 0.79125 0.891875 0.01999161073825495 0.021241610738254924
03 0.08937500000000001 0.24062499999999998 0.013706896551724121 0.021206896551724114
08 0.6174999999999999 0.579375 0.01749444444444459 0.026244444444444515
10 0.09562499999999999 0.33499999999999996 0.016238095238095232 0.017488095238095303
03 0.796875 0.524375 0.011242977528089781 0.018742977528089844
11 0.5349999999999999 0.8375 0.01999509803921573 0.014995098039215726
14 0.08374999999999999 0.8025 0.01995689655172414 0.022456896551724115
08 0.349375 0.786875 0.008728448275862055 0.021228448275862233
03 0.893125 0.5631250000000001 0.0336363636363638 0.033636363636363575
00 0.606875 0.875625 0.013735795454545507 0.013735795454545396
03 0.291875 0.3 0.06371951219512195 0.03246951219512195
20 0.559375 0.669375 0.018732142857142864 0.013732142857142748
