07 0.515625 0.8362499999999999 0.07123355263157888 0.029983552631578925
05 0.8375 0.26749999999999996 0.02999161073825496 0.06499161073825505
04 0.844375 0.515625 0.046206896551724164 0.036206896551724155
05 0.07250000000000001 0.7731250000000001 0.027494444444444446 0.04624444444444442
07 0.8275 0.5543750000000001 0.09998809523809515 0.08623809523809534
03 0.19125 0.495 0.062492977528089855 0.11249297752808984
20 0.12875 0.035625000000000004 0.0499950980392157 0.04374509803921569
09 0.305 0.21437499999999998 0.07245689655172416 0.02870689655172412
11 0.96625 0.83125 0.039978448275862166 0.049978448275862175
00 0.731875 0.7437499999999999 0.036136363636363744 0.02738636363636371
