14 0.496875 0.1675 0.04123355263157891 0.04748355263157894
16 0.833125 0.50875 0.056241610738254844 0.057491610738255094
00 0.15 0.46875 0.044956896551724135 0.04245689655172413
07 0.09062500000000001 0.8625 0.016244444444444464 0.05999444444444435
01 0.551875 0.41375 0.02873809523809534 0.027488095238095256
14 0.474375 0.933125 0.03624297752808986 0.036242977528089915
12 0.6331249999999999 0.473125 0.056245098039215624 0.03874509803921572
12 0.855 0.8981250000000001 0.04745689655172414 0.04620689655172405
13 0.6375 0.190625 0.11497844827586212 0.06872844827586208
09 0.72 0.12437500000000001 0.03738636363636372 0.031136363636363643
10 0.7475 0.0775 0.03248579545454533 0.02248579545454546
