10 0.121875 0.22375 0.03623355263157893 0.034983552631578985
14 0.358125 0.8425 0.05874161073825507 0.10749161073825486
10 0.027500000000000004 0.36312500000000003 0.03495689655172414 0.0362068965517241
01 0.04375 0.805625 0.027494444444444443 0.023744444444444346
07 0.459375 0.2025 0.2562380952380953 0.07248809523809527
08 0.67875 0.94875 0.03499297752808983 0.06499297752808986
10 0.495 0.055625 0.027495098039215682 0.026245098039215695
02 0.33187500000000003 0.13874999999999998 0.05120689655172411 0.07745689655172414
12 0.4275 0.5687500000000001 0.05497844827586207 0.05497844827586207
20 0.11875000000000001 0.825625 0.04738636363636364 0.04613636363636375
00 0.7625 0.9650000000000001 0.04248579545454534 0.04248579545454534
20 0.694375 0.025625000000000002 0.02121951219512197 0.018719512195121954
