17 0.370625 0.28812499999999996 0.0337335526315789 0.021233552631578945
10 0.353125 0.818125 0.023741610738255037 0.021241610738254924
05 0.13125 0.7618750000000001 0.03995689655172413 0.023706896551724088
04 0.785625 0.52 0.031244444444444408 0.027494444444444488
01 0.3775 0.87375 0.03498809523809532 0.02248809523809514
03 0.22625 0.21000000000000002 0.03749297752808986 0.032492977528089856
04 0.968125 0.66125 0.023745098039215762 0.017495098039215673
01 0.78375 0.23875000000000002 0.01745689655172422 0.012456896551724134
00 0.855 0.191875 0.024978448275862153 0.021228448275862066
13 0.18375000000000002 0.725 0.049886363636363645 0.10488636363636372
