12 0.11750000000000001 0.784375 0.09748355263157896 0.11373355263157892
04 0.535625 0.6993750000000001 0.07874161073825503 0.056241610738254955
10 0.148125 0.8131250000000001 0.08120689655172414 0.07370689655172413
08 0.826875 0.874375 0.051244444444444315 0.12374444444444443
06 0.510625 0.42625 0.07123809523809527 0.25498809523809524
15 0.289375 0.725625 0.03374297752808986 0.07874297752808979
04 0.35250000000000004 0.2475 0.07499509803921572 0.034995098039215716
08 0.53375 0.7450000000000001 0.08495689655172411 0.10495689655172413
03 0.635625 0.04375 0.06622844827586216 0.06997844827586207
03 0.441875 0.08499999999999999 0.043636363636363584 0.07238636363636364
03 0.273125 0.78 0.051235795454545485 0.1799857954545453
01 0.635 0.61625 0.082469512195122 0.06496951219512204
