16 0.5825 0.733125 0.039983552631578934 0.031233552631578898
16 0.785625 0.670625 0.046241610738254835 0.03374161073825488
11 0.08625 0.815 0.03995689655172413 0.022456896551724115
14 0.80375 0.551875 0.04499444444444434 0.03374444444444458
16 0.579375 0.20687499999999998 0.041238095238095296 0.04123809523809527
18 0.380625 0.854375 0.023742977528089848 0.026242977528089906
14 0.9375 0.33 0.0324950980392158 0.027495098039215682
03 0.09187499999999998 0.205 0.061206896551724135 0.03745689655172413
09 0.5231250000000001 0.29312499999999997 0.03872844827586197 0.03372844827586202
00 0.085625 0.27 0.033636363636363645 0.029886363636363655
08 0.91625 0.6343749999999999 0.044985795454545396 0.023735795454545294
03 0.4325076219512195 0.27937500000000004 0.014984756097561003 0.023719512195121972
