05 0.37875000000000003 0.6468750000000001 0.017483552631578914 0.018733552631578942
19 0.765 0.7050000000000001 0.014991610738254835 0.014991610738254946
10 0.92 0.375625 0.01745689655172411 0.013706896551724135
03 0.28812499999999996 0.163125 0.008744444444444388 0.018744444444444452
08 0.52 0.31375 0.027488095238095256 0.017488095238095303
05 0.041874999999999996 0.563125 0.026242977528089885 0.016242977528089897
15 0.33625000000000005 0.42625 0.02499509803921568 0.027495098039215682
02 0.64625 0.071875 0.03750000000000009 0.02870689655172414
16 0.41312499999999996 0.076875 0.02622844827586207 0.021228448275862066
01 0.24875 0.3375 0.01238636363636364 0.009886363636363582
05 0.36624999999999996 0.320625 0.024985795454545434 0.01123579545454545
