07 0.8518749999999999 0.83125 0.043733552631578854 0.03248355263157887
18 0.9524999999999999 0.830625 0.0274916107382549 0.03124161073825482
01 0.8656250000000001 0.738125 0.04120689655172416 0.036206896551724155
18 0.219375 0.865625 0.031244444444444436 0.033744444444444355
05 0.15625 0.154375 0.024988095238095254 0.058738095238095256
15 0.76125 0.398125 0.03749297752808989 0.043742977528089866
18 0.581875 0.095625 0.028745098039215655 0.031245098039215685
09 0.551875 0.543125 0.053706896551724226 0.0387068965517241
03 0.608125 0.37375 0.04122844827586203 0.034978448275862106
00 0.074375 0.776875 0.04863636363636364 0.0386363636363638
