11 0.126875 0.438125 0.023733552631578933 0.02123355263157889
15 0.6975 0.85 0.02999161073825496 0.024991610738254844
01 0.3625 0.4125 0.012456896551724106 0.012456896551724161
10 0.580625 0.391875 0.03124444444444452 0.021244444444444455
20 0.801875 0.6975 0.01873809523809511 0.017488095238095136
07 0.570625 0.0475 0.03874297752808986 0.044992977528089895
06 0.576875 0.025 0.028745098039215655 0.027495098039215685
03 0.153125 0.168125 0.01620689655172411 0.016206896551724137
15 0.43875 0.666875 0.014978448275862088 0.01372844827586217
14 0.050625 0.965 0.016136363636363636 0.029886363636363766
03 0.975625 0.68875 0.031235795454545356 0.02248579545454532
