16 0.805625 0.37625 0.03873355263157896 0.03248355263157893
05 0.7225 0.049999999999999996 0.022491610738254897 0.02999161073825503
19 0.944375 0.528125 0.03120689655172415 0.02120689655172414
01 0.9575 0.153125 0.009994444444444417 0.011244444444444474
03 0.70375 0.060625 0.03498809523809521 0.026238095238095227
12 0.349375 0.044375 0.03624297752808986 0.04874297752808989
02 0.10749999999999998 0.433125 0.047495098039215686 0.03874509803921572
04 0.01625 0.135625 0.027456896551724137 0.028706896551724134
07 0.28500538793103447 0.6425000000000001 0.04748922413793105 0.03497844827586216
18 0.0875 0.49625 0.01738636363636363 0.019886363636363646
18 0.31625000000000003 0.5974999999999999 0.017485795454545483 0.017485795454545427
02 0.73 0.46499999999999997 0.047469512195121966 0.01996951219512194
