03 0.9706250000000001 0.579375 0.043733552631578854 0.026233552631578894
00 0.6437499999999999 0.056249999999999994 0.04999161073825498 0.04749161073825502
15 0.68625 0.66875 0.049956896551724084 0.019956896551724168
05 0.33625000000000005 0.6487499999999999 0.044994444444444504 0.029994444444444435
20 0.11625 0.075 0.03748809523809524 0.03748809523809523
15 0.6187482443820225 0.478125 0.06749648876404502 0.03624297752808986
05 0.939375 0.5525 0.04874509803921567 0.02999509803921563
05 0.08374999999999999 0.36375 0.05995689655172414 0.02995689655172412
19 0.344375 0.8512500000000001 0.03372844827586208 0.04747844827586223
08 0.50625 0.37187499999999996 0.06738636363636358 0.05113636363636359
10 0.06375 0.076875 0.04498579545454545 0.02873579545454545
