14 0.5518749999999999 0.339375 0.031233552631578898 0.013733552631578883
02 0.103125 0.473125 0.028741610738255055 0.018741610738255032
15 0.21875 0.445625 0.02745689655172412 0.023706896551724088
14 0.660625 0.623125 0.01874444444444434 0.016244444444444506
09 0.195625 0.58375 0.03123809523809526 0.029988095238095314
10 0.426875 0.169375 0.016242977528089897 0.01374297752808984
06 0.28 0.49624999999999997 0.019995098039215675 0.022495098039215733
20 0.7918750000000001 0.48375 0.011206896551724133 0.009956896551724104
16 0.7175 0.03125 0.01997844827586226 0.02497844827586207
04 0.375 0.138125 0.019886363636363646 0.018636363636363618
15 0.29375 0.201875 0.0349857954545455 0.018735795454545456
01 0.8975 0.04625 0.014969512195121992 0.009969512195121946
