06 0.090625 0.244375 0.02623355263157895 0.07373355263157899
02 0.48250000000000004 0.8 0.03249161073825507 0.03999161073825486
18 0.11 0.73375 0.017456896551724138 0.019956896551724057
13 0.2375 0.438125 0.039994444444444416 0.08624444444444451
07 0.6487499999999999 0.62 0.03498809523809521 0.012488095238095243
06 0.8206249999999999 0.5700000000000001 0.023742977528089848 0.07999297752808976
05 0.145625 0.15625 0.031245098039215685 0.027495098039215682
03 0.106875 0.794989224137931 0.04870689655172411 0.0274784482758621
03 0.15125 0.435625 0.019978448275862065 0.05622844827586204
15 0.5625 0.335625 0.0423863636363635 0.026136363636363624
00 0.033125 0.775 0.028735795454545455 0.019985795454545263
