13 0.27 0.520625 0.034983552631578985 0.12123355263157887
13 0.790625 0.541875 0.06624161073825485 0.111241610738255
11 0.280625 0.169375 0.04870689655172411 0.04620689655172411
20 0.45999999999999996 0.22499999999999998 0.044994444444444504 0.04749444444444442
03 0.15500000000000003 0.675 0.15498809523809526 0.07998809523809525
01 0.53625 0.01875 0.02749297752808988 0.019992977528089886
04 0.96 0.6499999999999999 0.05749509803921571 0.042495098039215695
01 0.84875 0.10125 0.02745689655172412 0.02245689655172413
03 0.768125 0.7718750000000001 0.06622844827586227 0.08872844827586224
15 0.213125 0.235 0.051136363636363674 0.032386363636363685
19 0.940625 0.48 0.02873579545454541 0.06248579545454547
03 0.93125 0.54 0.039969512195122014 0.06746951219512198
09 0.27812499999999996 0.130625 0.028732142857142817 0.05373214285714287
