15 0.44125000000000003 0.5974999999999999 0.03998355263157888 0.022483552631578863
03 0.35250000000000004 0.73125 0.029991610738255015 0.04499161073825497
06 0.795 0.416875 0.08995689655172412 0.1062068965517241
14 0.323125 0.500625 0.018744444444444452 0.04624444444444448
03 0.151875 0.459375 0.08373809523809524 0.06623809523809526
01 0.5225 0.5900000000000001 0.04249297752808989 0.032492977528089884
10 0.618125 0.253125 0.046245098039215726 0.038745098039215664
11 0.1475 0.1625 0.03995689655172413 0.032456896551724124
01 0.43 0.250625 0.022478448275862095 0.021228448275862066
01 0.6981250000000001 0.364375 0.026136363636363735 0.018636363636363562
