09 0.16125 0.053125 0.03498355263157896 0.018733552631578956
01 0.654375 0.641875 0.021241610738254924 0.018741610738254977
13 0.351875 0.85 0.11620689655172411 0.19245689655172415
04 0.76375 0.12187500000000001 0.022494444444444373 0.018744444444444466
18 0.46687500000000004 0.3425 0.018738095238095276 0.022488095238095307
09 0.69125 0.28875 0.019992977528089817 0.02749297752808988
03 0.46375 0.403125 0.024995098039215735 0.021245098039215704
07 0.03375 0.64 0.027456896551724144 0.019956896551724057
15 0.856875 0.28812499999999996 0.01622844827586223 0.016228448275862062
03 0.040625 0.770625 0.01613636363636363 0.03113636363636374
03 0.6356249999999999 0.43625 0.031235795454545356 0.012485795454545479
03 0.9337500000000001 0.530625 0.024969512195122 0.018719512195122023
08 0.66125 0.6468750000000001 0.022482142857142895 0.011232142857142802
08 0.5 0.560625 0.012487499999999985 0.03123750000000003
