11 0.5425 0.473125 0.027483552631578867 0.028733552631578896
03 0.3125020973154362 0.143125 0.024995805369127544 0.031241610738255043
11 0.676875 0.8574999999999999 0.026206896551724146 0.022456896551724115
06 0.08000138888888889 0.49812500000000004 0.06999722222222222 0.018744444444444508
11 0.21687499999999998 0.755625 0.028738095238095257 0.031238095238095065
14 0.6656249999999999 0.8243750000000001 0.043742977528089866 0.026242977528089795
06 0.254375 0.249375 0.021245098039215704 0.08124509803921567
14 0.15437499999999998 0.92625 0.01870689655172411 0.022456896551724115
11 0.540625 0.493125 0.03122844827586202 0.02372844827586207
01 0.6325000000000001 0.063125 0.0173863636363637 0.01863636363636364
