20 0.045625 0.9837499999999999 0.008733552631578954 0.009983552631578907
18 0.69625 0.52625 0.012491610738254888 0.014991610738255057
08 0.83125 0.80375 0.029956896551724177 0.019956896551724168
06 0.14500000000000002 0.35187500000000005 0.02749444444444446 0.013744444444444504
06 0.576875 0.568125 0.016238095238095274 0.023738095238095225
04 0.19124999999999998 0.49312500000000004 0.022492977528089847 0.021242977528089846
03 0.339375 0.48812500000000003 0.021245098039215704 0.023745098039215706
20 0.199375 0.87 0.01870689655172414 0.019956896551724057
13 0.5700000000000001 0.365 0.03497844827586205 0.062478448275862075
15 0.755 0.495 0.014886363636363642 0.029886363636363544
06 0.765 0.083125 0.02498579545454538 0.018735795454545456
13 0.179375 0.924375 0.03621951219512198 0.04121951219512188
04 0.22062500000000002 0.37687499999999996 0.02123214285714284 0.01623214285714286
10 0.9425 0.16499999999999998 0.02748750000000011 0.017487500000000017
