13 0.7112499999999999 0.47562499999999996 0.0624835526315789 0.05873355263157887
13 0.5387500000000001 0.658125 0.03749161073825513 0.031241610738254932
18 0.255 0.67 0.014956896551724164 0.01745689655172411
18 0.8075 0.27625 0.017494444444444257 0.019994444444444426
07 0.5856279761904761 0.7362500000000001 0.031244047619047532 0.02248809523809514
19 0.325625 0.37875000000000003 0.0212429775280899 0.027492977528089824
07 0.315 0.6074999999999999 0.0474950980392157 0.022495098039215677
18 0.9624999999999999 0.0625 0.019956896551724168 0.022456896551724143
18 0.890625 0.943125 0.018728448275862286 0.021228448275862233
04 0.9075 0.275625 0.02738636363636371 0.023636363636363678
06 0.4 0.699375 0.07248579545454548 0.04623579545454537
09 0.606875 0.850625 0.03621951219512198 0.03121951219512198
18 0.370625 0.5618749999999999 0.01873214285714281 0.02123214285714281
