14 0.27249999999999996 0.2 0.014983552631578967 0.022483552631578974
00 0.47 0.7875 0.022491610738255063 0.022491610738254897
03 0.73875 0.525 0.0649568965517241 0.05995689655172415
05 0.041875 0.3725 0.023744444444444446 0.014994444444444532
06 0.938125 0.20500000000000002 0.0087380952380951 0.017488095238095275
14 0.708125 0.7275 0.028742977528089853 0.03499297752808983
06 0.8431249999999999 0.59625 0.021245098039215704 0.022495098039215677
03 0.5575 0.126875 0.01745689655172411 0.011206896551724119
04 0.645 0.415625 0.01997844827586215 0.01372844827586206
06 0.32187499999999997 0.678125 0.051136363636363646 0.008636363636363775
14 0.9337500000000001 0.819375 0.02248579545454532 0.026235795454545352
03 0.56 0.015625 0.00746951219512193 0.016219512195121952
08 0.13812946428571427 0.16812499999999997 0.06874107142857142 0.03373214285714285
