15 0.55 0.30125 0.054983552631578836 0.034983552631578985
10 0.27749999999999997 0.29375 0.03249161073825507 0.03249161073825502
00 0.556875 0.78375 0.0387068965517241 0.032456896551724124
14 0.47124999999999995 0.261875 0.0399944444444445 0.02624444444444443
02 0.6599999999999999 0.42000000000000004 0.047488095238095274 0.014988095238095245
20 0.24874999999999997 0.23875000000000002 0.022492977528089847 0.019992977528089845
12 0.7462500000000001 0.525 0.032495098039215686 0.03749509803921569
03 0.07 0.238125 0.03495689655172414 0.028706896551724148
05 0.4975 0.94 0.03497844827586205 0.0174784482758622
11 0.441875 0.565 0.03613636363636358 0.027386363636363598
