15 0.50875 0.6775 0.00748355263157896 0.022483552631578974
01 0.1875 0.879375 0.014991610738255057 0.011241610738254915
07 0.678125 0.166875 0.036206896551724155 0.013706896551724135
00 0.32000000000000006 0.17125 0.01999444444444448 0.01749444444444445
10 0.8712500000000001 0.173125 0.02248809523809514 0.021238095238095278
02 0.05375 0.954375 0.027492977528089893 0.016242977528089897
18 0.895 0.525625 0.014995098039215726 0.0162450980392157
03 0.195 0.4775 0.022456896551724115 0.022456896551724115
14 0.18125000000000002 0.8225 0.017478448275862063 0.024978448275862153
13 0.78625 0.650625 0.05988636363636379 0.02113636363636373
19 0.355 0.11875 0.007485795454545474 0.014985795454545467
