14 0.03125 0.9743791118421052 0.012483552631578947 0.05124177631578941
01 0.8987499999999999 0.6581250000000001 0.01999161073825484 0.018741610738254866
03 0.725625 0.7437499999999999 0.016206896551724137 0.022456896551724115
05 0.021248611111111107 0.052500000000000005 0.022497222222222217 0.02999444444444444
19 0.371875 0.7675000000000001 0.026238095238095283 0.03248809523809515
04 0.07750000000000001 0.731875 0.02249297752808989 0.0212429775280899
14 0.783125 0.948125 0.02624509803921571 0.031245098039215602
04 0.485625 0.2475 0.028706896551724148 0.02995689655172415
06 0.9493750000000001 0.325625 0.08872844827586224 0.018728448275862064
15 0.3900284090909091 0.9275 0.024943181818181837 0.012386363636363695
07 0.7425 0.10250000000000001 0.07998579545454532 0.059985795454545465
05 0.630625 0.075625 0.018719512195122023 0.03871951219512195
13 0.3325 0.2725 0.07998214285714284 0.05248214285714284
11 0.8418749999999999 0.540625 0.03373750000000009 0.023737499999999967
