02 0.4225 0.7424999999999999 0.05248355263157889 0.02498355263157881
10 0.143125 0.239375 0.03874161073825505 0.03874161073825502
14 0.441875 0.43875 0.02120689655172414 0.02995689655172412
18 0.878125 0.5275000000000001 0.016244444444444395 0.019994444444444537
15 0.010624999999999999 0.839375 0.013738095238095237 0.028738095238095118
01 0.9275 0.14750000000000002 0.012492977528089866 0.014992977528089896
11 0.624375 0.176875 0.023745098039215762 0.023745098039215706
10 0.21687499999999998 0.23875000000000002 0.01870689655172411 0.022456896551724143
06 0.32999999999999996 0.81 0.03747844827586205 0.02747844827586221
20 0.11 0.778125 0.02238636363636362 0.02113636363636373
12 0.674375 0.4125 0.02623579545454524 0.027485795454545492
04 0.165 0.733125 0.022469512195121943 0.02121951219512197
