11 0.8743749999999999 0.598125 0.061233552631578925 0.04623355263157891
05 0.284375 0.4575 0.06374161073825502 0.03749161073825508
00 0.46499999999999997 0.308125 0.044956896551724135 0.03370689655172415
12 0.615 0.8425 0.07999444444444448 0.08249444444444431
03 0.9612499999999999 0.341875 0.027488095238095034 0.026238095238095283
06 0.231875 0.273125 0.08374297752808987 0.15374297752808985
11 0.7050000000000001 0.711875 0.04999509803921576 0.05374509803921568
06 0.7381249999999999 0.036875000000000005 0.053706896551724115 0.02870689655172414
14 0.22062500000000002 0.955625 0.041228448275862056 0.03872844827586219
11 0.24000000000000002 0.691875 0.05738636363636368 0.04613636363636375
10 0.08625000000000001 0.7537499999999999 0.05748579545454546 0.034985795454545277
01 0.16125 0.9775 0.03746951219512196 0.029969512195122006
07 0.17562499999999998 0.6112500000000001 0.08373214285714284 0.07248214285714283
14 0.501875 0.74125 0.06373749999999995 0.0899875
