13 0.08625 0.7662500000000001 0.09998355263157893 0.22998355263157888
03 0.803125 0.39875000000000005 0.07374161073825491 0.07499161073825505
12 0.334375 0.110625 0.07120689655172413 0.07370689655172415
03 0.043125 0.45875 0.048744444444444444 0.034994444444444495
01 0.433125 0.0625 0.05123809523809525 0.04998809523809523
19 0.6225 0.76875 0.0524929775280899 0.049992977528089844
13 0.35875 0.624375 0.11999509803921571 0.20624509803921565
14 0.776875 0.33187500000000003 0.06370689655172412 0.05120689655172411
20 0.184375 0.11 0.07122844827586208 0.07247844827586206
01 0.875625 0.91375 0.07363636363636372 0.07238636363636375
