03 0.49624999999999997 0.87 0.037483552631578876 0.0674835526315789
08 0.8518749999999999 0.55125 0.06624161073825496 0.06749161073825505
20 0.7987500000000001 0.65375 0.06245689655172415 0.047456896551724026
04 0.2 0.225625 0.06749444444444444 0.07124444444444439
12 0.75625 0.14375000000000002 0.09248809523809509 0.09498809523809526
13 0.4225 0.569375 0.23749297752808984 0.09124297752808985
14 0.18874999999999997 0.6975 0.14499509803921568 0.0624950980392156
04 0.568125 0.8 0.06870689655172413 0.0749568965517241
18 0.566875 0.1225 0.04622844827586203 0.049978448275862064
09 0.66625 0.34625 0.047386363636363726 0.11488636363636362
