01 0.5575 0.7662500000000001 0.03248355263157898 0.029983552631578925
01 0.490625 0.688125 0.03624161073825505 0.03374161073825488
14 0.785625 0.864375 0.061206896551724066 0.04120689655172405
04 0.168125 0.7418750000000001 0.023744444444444457 0.01874444444444434
13 0.5543750000000001 0.7262500000000001 0.05373809523809536 0.07248809523809518
14 0.6243749999999999 0.084375 0.07624297752808984 0.04124297752808988
10 0.62 0.658125 0.034995098039215744 0.03624509803921572
02 0.1525 0.13874999999999998 0.044956896551724135 0.04745689655172412
06 0.084375 0.16125 0.04872844827586207 0.12247844827586207
18 0.86 0.6025 0.02738636363636382 0.029886363636363655
01 0.16375 0.49250000000000005 0.03248579545454547 0.032485795454545496
08 0.369375 0.41000000000000003 0.038719512195121986 0.04246951219512202
11 0.660625 0.69375 0.04123214285714283 0.02748214285714279
11 0.930625 0.641875 0.033737499999999976 0.033737499999999976
