09 0.613125 0.19375 0.026233552631578894 0.02998355263157898
12 0.379375 0.676875 0.031241610738255043 0.031241610738254932
14 0.75625 0.06375 0.01745689655172411 0.024956896551724145
03 0.445 0.8831249999999999 0.05249444444444451 0.026244444444444404
13 0.921875 0.944375 0.033738095238095234 0.05623809523809509
10 0.308125 0.5900000000000001 0.031242977528089855 0.032492977528089884
01 0.21375 0.175625 0.019995098039215675 0.013745098039215697
07 0.171875 0.19187500000000002 0.043706896551724106 0.01870689655172411
18 0.29000000000000004 0.868125 0.017478448275862035 0.021228448275862233
12 0.398125 0.44125000000000003 0.033636363636363575 0.034886363636363604
14 0.6937500000000001 0.95625 0.009985795454545365 0.062485795454545356
15 0.8912576219512195 0.255 0.02748475609756107 0.017469512195121967
03 0.380625 0.18875 0.03123214285714282 0.03498214285714285
