00 0.6475 0.08499999999999999 0.03248355263157887 0.029983552631578952
20 0.30500000000000005 0.425 0.01749161073825506 0.014991610738255057
14 0.150625 0.87 0.026206896551724118 0.03495689655172418
06 0.3525 0.583125 0.03249444444444449 0.09624444444444458
00 0.5675 0.38 0.027488095238095367 0.02248809523809525
10 0.8 0.890625 0.022492977528089875 0.016242977528089897
03 0.86125 0.5125 0.03749509803921569 0.06249509803921571
14 0.270625 0.9143749999999999 0.023706896551724088 0.04620689655172405
14 0.7150000000000001 0.041874999999999996 0.01997844827586215 0.05622844827586206
03 0.5275 0.8943749999999999 0.01738636363636359 0.07613636363636378
