06 0.15937088815789474 0.13687500000000002 0.0262417763157895 0.06123355263157895
02 0.648125 0.889375 0.018741610738254977 0.018741610738254866
07 0.6968749999999999 0.368125 0.0962068965517241 0.011206896551724133
18 0.93375 0.285 0.012494444444444364 0.014994444444444421
02 0.77375 0.665625 0.017488095238095136 0.01873809523809511
18 0.385 0.9299999999999999 0.012492977528089866 0.014992977528089813
04 0.7518750000000001 0.491875 0.018745098039215757 0.0162450980392157
03 0.10250000000000001 0.788125 0.03245689655172414 0.0387068965517241
06 0.9100053879310344 0.2525 0.04748922413793111 0.03497844827586205
03 0.84875 0.455625 0.01738636363636381 0.02113636363636362
12 0.51625 0.49375 0.029985795454545494 0.03498579545454544
11 0.39125 0.14875 0.022469512195122 0.024969512195121973
13 0.8275 0.45125000000000004 0.0374821428571428 0.017482142857142835
