00 0.135 0.77 0.03998355263157895 0.037483552631578876
03 0.118125 0.825625 0.06624161073825505 0.04124161073825483
01 0.40375000000000005 0.325625 0.03995689655172413 0.0387068965517241
15 0.148125 0.9606250000000001 0.04374444444444445 0.061244444444444324
11 0.270625 0.979375 0.058738095238095256 0.031238095238095065
11 0.269375 0.145 0.05374297752808985 0.03999297752808989
04 0.29374999999999996 0.273125 0.0449950980392157 0.038745098039215664
03 0.955 0.39 0.02745689655172412 0.07995689655172411
02 0.48875 0.89125 0.07497844827586203 0.0849784482758622
02 0.5706249999999999 0.48124999999999996 0.051136363636363646 0.034886363636363604
13 0.129375 0.518125 0.04123579545454546 0.031235795454545467
