03 0.706875 0.571875 0.07873355263157888 0.06873355263157888
04 0.6074999999999999 0.385625 0.03249161073825502 0.02624161073825504
15 0.313125 0.435 0.028706896551724148 0.01745689655172411
03 0.949375 0.47125 0.0212444444444444 0.047494444444444506
12 0.950625 0.24625 0.05623809523809509 0.049988095238095276
15 0.91875 0.589375 0.02499297752808982 0.02124297752808979
14 0.70625 0.683125 0.027495098039215682 0.04874509803921567
18 0.888125 0.140625 0.023706896551724088 0.026206896551724146
01 0.291875 0.919375 0.03372844827586208 0.02372844827586229
03 0.148125 0.04 0.023636363636363622 0.02738636363636363
06 0.9337500000000001 0.23249999999999998 0.0649857954545453 0.06748579545454544
10 0.64 0.40249999999999997 0.029969512195122006 0.01996951219512194
16 0.681875 0.39125 0.03373214285714288 0.03748214285714285
