18 0.93625 0.2 0.05498355263157895 0.05998355263157898
10 0.390625 0.188125 0.05874161073825501 0.04374161073825503
20 0.731875 0.86375 0.028706896551724204 0.022456896551724115
06 0.48 0.40999861111111113 0.19999444444444453 0.06249722222222226
03 0.636875 0.6356249999999999 0.08123809523809511 0.11123809523809525
12 0.41375 0.101875 0.08999297752808988 0.08874297752808989
20 0.671875 0.719375 0.04874509803921567 0.038745098039215664
05 0.884375 0.44625000000000004 0.05870689655172412 0.07995689655172417
10 0.440625 0.090625 0.07622844827586206 0.058728448275862065
04 0.1025 0.095 0.08738636363636362 0.06488636363636363
03 0.14 0.5918749999999999 0.08248579545454546 0.05373579545454554
01 0.291875 0.3725 0.04621951219512199 0.047469512195121966
14 0.19687499999999997 0.645 0.09623214285714285 0.07248214285714283
18 0.669375 0.10749999999999998 0.04623750000000004 0.049987500000000004
