13 0.9606250000000001 0.041874999999999996 0.02123355263157889 0.061233552631578946
20 0.01625 0.806875 0.014991610738255032 0.013741610738254861
04 0.203125 0.908125 0.02120689655172414 0.016206896551724137
04 0.7225 0.478125 0.02499444444444432 0.018744444444444508
12 0.645 0.6012500000000001 0.02248809523809514 0.02498809523809531
03 0.28437500000000004 0.525 0.03624297752808986 0.019992977528089817
14 0.4675 0.9181250000000001 0.01749509803921573 0.04124509803921572
06 0.18937500000000002 0.934375 0.05870689655172415 0.011206896551724133
11 0.108125 0.84125 0.021228448275862066 0.02747844827586221
10 0.715625 0.45625 0.016136363636363726 0.01738636363636359
20 0.63375 0.6156250000000001 0.017485795454545427 0.013735795454545507
05 0.218125 0.166875 0.016219512195121993 0.023719512195121945
13 0.568125 0.84125 0.09373214285714282 0.057482142857142926
