16 0.471875 0.109375 0.061233552631578925 0.05123355263157893
13 0.28812499999999996 0.1925 0.061241610738255015 0.06249161073825504
15 0.59125 0.251875 0.032456896551724124 0.043706896551724134
03 0.849375 0.943125 0.01874444444444434 0.02874444444444435
04 0.3275 0.755625 0.04498809523809527 0.041238095238095074
06 0.16874999999999998 0.159375 0.10499297752808988 0.03624297752808986
01 0.693125 0.7224999999999999 0.023745098039215762 0.022495098039215677
18 0.10125 0.165 0.02495689655172413 0.02745689655172412
16 0.298125 0.6581250000000001 0.038728448275862026 0.06622844827586216
04 0.07875 0.628125 0.04238636363636364 0.03863636363636358
14 0.24874999999999997 0.8318749999999999 0.07748579545454545 0.031235795454545356
01 0.5349999999999999 0.730625 0.05496951219512203 0.051219512195122
