20 0.584375 0.42500000000000004 0.04873355263157886 0.04998355263157889
03 0.46125 0.7068749999999999 0.16749161073825503 0.14374161073825498
08 0.338125 0.916875 0.0337068965517241 0.10620689655172422
10 0.35875 0.7637499999999999 0.04999444444444451 0.03999444444444433
04 0.933125 0.3425 0.06373809523809515 0.03498809523809526
19 0.04375 0.181875 0.03499297752808989 0.07374297752808986
12 0.42 0.34375 0.07999509803921567 0.08999509803921568
20 0.135 0.653125 0.07495689655172412 0.06120689655172418
03 0.70375 0.745625 0.09247844827586227 0.10372844827586225
20 0.750625 0.465625 0.053636363636363704 0.043636363636363584
