10 0.919375 0.05437500000000001 0.04123355263157891 0.031233552631578954
02 0.20375 0.86625 0.02749161073825504 0.07749161073825495
18 0.145 0.445 0.03995689655172413 0.04245689655172413
07 0.710625 0.060625 0.1412444444444445 0.03624444444444444
15 0.848125 0.331875 0.06873809523809515 0.06873809523809526
14 0.134375 0.070625 0.05624297752808988 0.061242977528089895
01 0.8175 0.105 0.05249509803921559 0.04749509803921567
12 0.7106250000000001 0.12875 0.11870689655172406 0.06495689655172411
00 0.6568750000000001 0.057499999999999996 0.05872844827586221 0.037478448275862074
16 0.275 0.47875 0.04738636363636367 0.08238636363636359
03 0.8425 0.67625 0.07248579545454537 0.08498579545454532
03 0.92625 0.379375 0.082469512195122 0.21621951219512198
