06 0.20500000000000002 0.395625 0.029983552631578952 0.08373355263157889
00 0.18625 0.855 0.022491610738255063 0.024991610738254844
04 0.15625 0.8975 0.02995689655172412 0.02495689655172406
05 0.6343749999999999 0.250625 0.02874444444444435 0.02374444444444443
12 0.33875 0.303125 0.054988095238095225 0.05873809523809531
20 0.921875 0.35 0.016242977528089897 0.01249297752808981
03 0.8925000000000001 0.2 0.02999509803921574 0.03749509803921569
14 0.8006249999999999 0.370625 0.043706896551724106 0.026206896551724146
09 0.04875 0.451875 0.019978448275862072 0.058728448275862044
18 0.859375 0.9175 0.016136363636363837 0.01738636363636381
