20 0.46625 0.776875 0.017483552631578858 0.01873355263157883
18 0.41874999999999996 0.31125 0.01749161073825506 0.019991610738255006
03 0.77875 0.85375 0.022456896551724115 0.04745689655172414
08 0.07625000000000001 0.143125 0.04249444444444446 0.03874444444444444
06 0.408125 0.5562499999999999 0.07373809523809527 0.037488095238095265
20 0.186875 0.980625 0.026242977528089878 0.018742977528089844
16 0.25187499999999996 0.21687499999999998 0.041245098039215666 0.02374509803921568
03 0.6074999999999999 0.519375 0.014956896551724053 0.048706896551724166
14 0.185625 0.219375 0.021228448275862066 0.04872844827586206
02 0.563125 0.388125 0.03613636363636363 0.023636363636363567
09 0.24 0.7925 0.027485795454545436 0.044985795454545396
