03 0.474375 0.06375 0.04373355263157891 0.04248355263157895
04 0.106875 0.756875 0.02374161073825505 0.02374161073825487
10 0.24812499999999998 0.66125 0.026206896551724118 0.024956896551724173
16 0.243125 0.509375 0.048744444444444424 0.038744444444444526
15 0.190625 0.98125 0.013738095238095271 0.014988095238095078
20 0.829375 0.8356250000000001 0.016242977528089897 0.01374297752808984
18 0.2475 0.930625 0.019995098039215703 0.02374509803921565
05 0.691260775862069 0.8943749999999999 0.02747844827586199 0.03120689655172415
10 0.96375 0.42374999999999996 0.024978448275862153 0.02247844827586204
09 0.9425 0.245625 0.03238636363636371 0.02613636363636368
