07 0.26875 0.836875 0.04748355263157897 0.05373355263157886
02 0.8356250000000001 0.6275 0.05124161073825484 0.034991610738254963
05 0.345625 0.07625 0.02120689655172414 0.04745689655172414
15 0.645 0.349375 0.029994444444444324 0.06874444444444444
04 0.106875 0.7825 0.036238095238095236 0.02998809523809509
12 0.409375 0.966875 0.06624297752808983 0.03874297752808986
01 0.36 0.9137500000000001 0.022495098039215677 0.01999509803921573
06 0.31876077586206897 0.278125 0.07247844827586203 0.053706896551724115
03 0.303125 0.495625 0.021228448275862066 0.02122844827586201
14 0.195 0.570625 0.04488636363636367 0.04863636363636359
04 0.738125 0.21625 0.03873579545454531 0.029985795454545466
00 0.8200000000000001 0.14437499999999998 0.029969512195121895 0.02871951219512195
18 0.20500000000000002 0.6599999999999999 0.027482142857142816 0.029982142857142846
