06 0.5075000000000001 0.573125 0.03748355263157893 0.12123355263157887
09 0.5325 0.64125 0.04499161073825508 0.05749161073825504
04 0.651875 0.17562499999999998 0.046206896551724164 0.033706896551724125
20 0.583125 0.66625 0.02874444444444446 0.019994444444444426
14 0.5449999999999999 0.6381249999999999 0.037488095238095265 0.02623809523809517
03 0.559375 0.7725 0.04874297752808987 0.02749297752808988
16 0.584375 0.090625 0.056245098039215735 0.0462450980392157
06 0.9081250000000001 0.8731249999999999 0.023706896551724088 0.1062068965517241
18 0.896875 0.711875 0.02372844827586218 0.026228448275862237
13 0.1675 0.095 0.13738636363636364 0.04988636363636363
00 0.52625 0.653125 0.03248579545454544 0.021235795454545348
15 0.21625 0.8875 0.014969512195121992 0.029969512195121895
05 0.9550000000000001 0.35875 0.049982142857142864 0.027482142857142844
