03 0.42874999999999996 0.27875 0.027483552631578922 0.04998355263157894
04 0.183125 0.7025 0.03874161073825505 0.02999161073825496
14 0.143125 0.445 0.028706896551724148 0.05245689655172414
19 0.795625 0.159375 0.0362444444444443 0.033744444444444466
10 0.364375 0.90375 0.04873809523809525 0.05248809523809517
14 0.674375 0.69375 0.028742977528089853 0.019992977528089817
15 0.3381262254901961 0.8049999999999999 0.021247549019607848 0.024995098039215624
03 0.18062499999999998 0.44062500000000004 0.05120689655172414 0.023706896551724144
01 0.029375 0.3 0.026228448275862067 0.019978448275862037
05 0.17875 0.410625 0.03488636363636366 0.03863636363636358
