11 0.101875 0.9725 0.043733552631578965 0.02498355263157892
01 0.7731250000000001 0.5425 0.03624161073825494 0.034991610738255075
11 0.5137499999999999 0.18875 0.032456896551724124 0.032456896551724124
18 0.264375 0.92125 0.0237444444444444 0.02499444444444432
04 0.7125 0.416875 0.0399880952380951 0.026238095238095283
10 0.459375 0.84375 0.031242977528089855 0.029992977528089826
12 0.419375 0.22562500000000002 0.03624509803921572 0.041245098039215694
07 0.9081250000000001 0.920625 0.0962068965517241 0.016206896551724137
09 0.6581250000000001 0.805625 0.028728448275862184 0.0437284482758622
14 0.42374999999999996 0.38 0.06238636363636357 0.03988636363636355
04 0.41874999999999996 0.905 0.04498579545454545 0.034985795454545277
04 0.48375 0.26125 0.0374695121951219 0.03246951219512201
15 0.06375 0.680625 0.03248214285714285 0.05123214285714284
00 0.948125 0.110625 0.03623749999999992 0.023737500000000022
