07 0.7893749999999999 0.7987500000000001 0.03873355263157896 0.03248355263157887
04 0.8812500000000001 0.054375 0.03749161073825491 0.03124161073825503
10 0.3275 0.62 0.02745689655172412 0.01745689655172411
20 0.08937500000000001 0.921875 0.018744444444444452 0.013744444444444337
10 0.65625 0.624375 0.02248809523809503 0.021238095238095278
07 0.30500175561797754 0.280625 0.049996488764044944 0.03374297752808986
00 0.026250000000000002 0.138125 0.029995098039215688 0.02624509803921571
14 0.878125 0.6799999999999999 0.011206896551724133 0.029956896551724177
18 0.22125 0.7675 0.019978448275862065 0.022478448275862206
06 0.5175 0.231875 0.05988636363636357 0.07613636363636367
07 0.675 0.193125 0.07998579545454543 0.016235795454545482
13 0.5750000000000001 0.410625 0.157469512195122 0.048719512195121994
