01 0.428125 0.6243749999999999 0.031233552631578898 0.02123355263157889
01 0.94625 0.1525 0.014991610738254946 0.01749161073825506
03 0.223125 0.326875 0.013706896551724135 0.03870689655172416
01 0.281875 0.7337499999999999 0.031244444444444408 0.027494444444444377
18 0.235625 0.856875 0.016238095238095274 0.01873809523809522
18 0.986875 0.936875 0.018742977528089955 0.02124297752808979
11 0.15125 0.12 0.02499509803921568 0.019995098039215675
00 0.0325 0.62875 0.022456896551724143 0.01745689655172411
00 0.755625 0.235 0.021228448275862233 0.022478448275862067
04 0.313125 0.255625 0.028636363636363626 0.021136363636363703
06 0.5487500000000001 0.195 0.012485795454545534 0.08748579545454546
03 0.18375000000000002 0.07250000000000001 0.024969512195121973 0.03746951219512194
14 0.589375 0.43000000000000005 0.043732142857142886 0.027482142857142844
00 0.359375 0.24 0.02873749999999997 0.027487499999999998
