10 0.9456249999999999 0.17062500000000003 0.05873355263157898 0.051233552631578944
00 0.9425 0.44125000000000003 0.03999161073825497 0.03999161073825502
12 0.498125 0.08499999999999999 0.08370689655172414 0.06495689655172414
15 0.91875 0.0975 0.022494444444444373 0.05749444444444446
08 0.771875 0.070625 0.06123809523809509 0.04623809523809523
15 0.853125 0.048125 0.0787429775280899 0.03624297752808989
14 0.48625 0.3275 0.09499509803921569 0.03749509803921569
11 0.84 0.45999999999999996 0.049956896551724084 0.034956896551724126
10 0.04625 0.061875 0.027478448275862072 0.018728448275862064
02 0.8143750000000001 0.37124999999999997 0.0486363636363637 0.04988636363636362
03 0.53125 0.52125 0.05998579545454552 0.037485795454545556
13 0.583125 0.32625000000000004 0.10121951219512204 0.03246951219512201
01 0.92125 0.203125 0.032482142857142904 0.03123214285714282
