12 0.303125 0.081875 0.021233552631578945 0.026233552631578935
12 0.71 0.791875 0.024991610738254955 0.028741610738254986
04 0.855625 0.56125 0.026206896551724146 0.024956896551724173
04 0.09937499999999999 0.935 0.018744444444444466 0.02249444444444426
03 0.07625 0.93625 0.03248809523809523 0.019988095238095083
14 0.6387499999999999 0.8981250000000001 0.014992977528089813 0.036242977528089804
04 0.28500000000000003 0.45687500000000003 0.022495098039215733 0.016245098039215644
03 0.23 0.205625 0.04995689655172414 0.016206896551724137
07 0.473125 0.535 0.061228448275862046 0.05997844827586207
10 0.55375 0.5475000000000001 0.02488636363636354 0.022386363636363593
14 0.4275 0.6912499999999999 0.03248579545454544 0.024985795454545268
12 0.4975 0.7418750000000001 0.024969512195122 0.026219512195121975
