20 0.456875 0.8425 0.04123355263157891 0.04248355263157888
11 0.500625 0.055624999999999994 0.06374161073825507 0.048741610738255024
20 0.369375 0.073125 0.05120689655172411 0.038706896551724136
00 0.509375 0.64375 0.05624444444444454 0.04499444444444445
09 0.41000000000000003 0.0737470238095238 0.07748809523809524 0.03999404761904762
06 0.479375 0.76 0.09124297752808985 0.10749297752808984
06 0.6987512254901961 0.334375 0.1249975490196078 0.09374509803921566
04 0.12062500000000001 0.39937500000000004 0.05620689655172413 0.0362068965517241
06 0.75875 0.900625 0.2099784482758622 0.05622844827586215
06 0.906875 0.2855965909090909 0.09613636363636369 0.08619318181818181
10 0.475 0.045625 0.04748579545454551 0.02873579545454545
08 0.825 0.1925 0.06496951219512204 0.03996951219512199
