02 0.675625 0.8987499999999999 0.04873355263157886 0.047483552631578996
06 0.140625 0.585 0.008741610738255023 0.017491610738255114
07 0.774375 0.815625 0.04870689655172411 0.02120689655172414
13 0.845 0.389375 0.0524944444444444 0.011244444444444446
14 0.405625 0.639375 0.021238095238095278 0.016238095238095274
20 0.6925 0.21250000000000002 0.01749297752808987 0.017492977528089843
14 0.966875 0.796875 0.0162450980392157 0.008745098039215637
03 0.281875 0.18937500000000002 0.01870689655172414 0.046206896551724136
15 0.8674999999999999 0.138125 0.004978448275862246 0.021228448275862066
18 0.478125 0.15187499999999998 0.01613636363636356 0.018636363636363618
