03 0.07625411184210526 0.569375 0.03749177631578948 0.08623355263157884
15 0.15625 0.281875 0.04499161073825503 0.023741610738255037
08 0.1175 0.7637499999999999 0.034956896551724126 0.032456896551724124
14 0.20750000000000002 0.47875 0.059994444444444434 0.04499444444444456
03 0.29000000000000004 0.42937499999999995 0.0749880952380953 0.08123809523809528
12 0.9237500000000001 0.519375 0.057492977528089795 0.06874297752808989
05 0.7775000000000001 0.270625 0.022495098039215677 0.05374509803921568
11 0.895 0.0975 0.04495689655172419 0.02995689655172412
17 0.471875 0.809375 0.043728448275862086 0.056228448275862264
03 0.778125 0.51125 0.04613636363636375 0.022386363636363593
19 0.02375 0.40249999999999997 0.03748579545454545 0.03998579545454545
