12 0.25875000000000004 0.410625 0.024983552631578976 0.026233552631578894
18 0.91875 0.25 0.014991610738254946 0.01749161073825503
14 0.3125 0.226875 0.019956896551724168 0.06120689655172415
07 0.501875 0.62625 0.03374444444444452 0.012494444444444475
05 0.531875 0.10750000000000001 0.013738095238095216 0.019988095238095235
03 0.563125 0.9462482443820225 0.026242977528089906 0.022496488764044864
01 0.434375 0.818125 0.021245098039215704 0.021245098039215704
06 0.048125 0.706875 0.013706896551724149 0.018706896551724084
03 0.06311961206896552 0.49375 0.018739224137931033 0.044978448275862004
14 0.16875 0.72 0.03238636363636366 0.022386363636363704
18 0.28874999999999995 0.685 0.012485795454545479 0.012485795454545312
03 0.76625 0.16625 0.009969512195121988 0.01996951219512194
18 0.369375 0.826875 0.016232142857142806 0.018732142857142864
12 0.6112500000000001 0.5843750000000001 0.029987499999999945 0.036237500000000034
