18 0.631875 0.46375 0.018733552631578942 0.022483552631578863
09 0.484375 0.255625 0.03624161073825505 0.03374161073825507
18 0.3625 0.728125 0.01745689655172411 0.018706896551724084
08 0.02375 0.034999999999999996 0.009994444444444445 0.02499444444444444
15 0.028749999999999998 0.629375 0.02748809523809524 0.013738095238095216
10 0.44062500000000004 0.7475 0.02624297752808985 0.01749297752808976
15 0.07625000000000001 0.605625 0.02249509803921569 0.0162450980392157
06 0.611875 0.743739224137931 0.043706896551724106 0.042478448275862
06 0.8668803879310345 0.5025 0.0737392241379311 0.03747844827586205
06 0.6719034090909091 0.2175 0.018693181818181914 0.05988636363636368
14 0.50625 0.40875 0.017485795454545483 0.027485795454545436
