13 0.344375 0.786875 0.031233552631578898 0.06873355263157888
10 0.14687709731543624 0.185 0.021245805369127513 0.01749161073825506
15 0.049375 0.578125 0.04870689655172414 0.018706896551724084
20 0.03625 0.660625 0.022494444444444442 0.013744444444444337
10 0.063125 0.4975 0.02873809523809523 0.02498809523809531
11 0.052500000000000005 0.6875 0.02999297752808989 0.039992977528089835
14 0.13875 0.3075 0.037495098039215705 0.0449950980392157
03 0.953125 0.385 0.036206896551724155 0.05245689655172414
20 0.19374999999999998 0.70375 0.027478448275862072 0.01997844827586226
17 0.2525 0.54 0.029886363636363655 0.039886363636363664
20 0.0825 0.101875 0.027485795454545464 0.023735795454545475
