18 0.260625 0.4825 0.023733552631578947 0.02498355263157892
13 0.6375 0.1575 0.02999161073825496 0.06499161073825505
13 0.39375 0.201875 0.0699568965517241 0.0987068965517241
20 0.19687500000000002 0.491875 0.031244444444444436 0.023744444444444457
03 0.389375 0.3075 0.046238095238095245 0.06248809523809529
11 0.8043750000000001 0.784375 0.036242977528089804 0.036242977528089804
06 0.8006249999999999 0.900625 0.031245098039215713 0.021245098039215704
14 0.08249999999999999 0.515625 0.05495689655172414 0.03370689655172415
14 0.7093803879310345 0.794375 0.026239224137931116 0.05122844827586215
10 0.32125 0.6331249999999999 0.029886363636363655 0.028636363636363682
18 0.549375 0.255625 0.023735795454545516 0.026235795454545463
20 0.194375 0.76625 0.03121951219512198 0.029969512195122006
