11 0.628125 0.33687500000000004 0.026233552631578894 0.02373355263157889
10 0.8987499999999999 0.203125 0.034991610738254963 0.031241610738255043
09 0.751875 0.26249999999999996 0.026206896551724146 0.024956896551724117
10 0.559375 0.48875 0.013744444444444448 0.009994444444444472
15 0.365625 0.195 0.006238095238095265 0.014988095238095273
12 0.476875 0.28625 0.043742977528089866 0.032492977528089884
12 0.979375 0.491875 0.028745098039215655 0.031245098039215713
06 0.2725 0.88375 0.06495689655172412 0.07995689655172411
02 0.31375 0.18625000000000003 0.06497844827586202 0.017478448275862063
14 0.83375 0.12125 0.03238636363636371 0.02988636363636364
10 0.8700000000000001 0.885625 0.02248579545454532 0.01873579545454529
