12 0.50125 0.037500000000000006 0.03248355263157893 0.04248355263157895
01 0.60375 0.32875 0.02249161073825512 0.01999161073825506
10 0.503125 0.22749999999999998 0.02120689655172414 0.014956896551724136
19 0.685 0.84125 0.027494444444444377 0.02499444444444443
09 0.596875 0.18875 0.033738095238095345 0.027488095238095256
03 0.8525 0.495625 0.022492977528089875 0.08374297752808979
15 0.50625 0.9768749999999999 0.02999509803921563 0.02374509803921565
09 0.880625 0.23875000000000002 0.03370689655172421 0.022456896551724143
06 0.205 0.258125 0.052478448275862066 0.05372844827586207
01 0.6625 0.19874999999999998 0.019886363636363757 0.022386363636363676
08 0.619375 0.11249999999999999 0.04623579545454548 0.01748579545454547
