04 0.37375 0.021875 0.017483552631578914 0.013733552631578948
20 0.51 0.21687499999999998 0.01999161073825506 0.016241610738255058
15 0.791875 0.27249999999999996 0.01370689655172419 0.012456896551724161
11 0.7318763888888888 0.6231249999999999 0.0262472222222222 0.02124444444444451
06 0.2324970238095238 0.9225 0.09499404761904762 0.019988095238095083
03 0.241875 0.193125 0.021242977528089818 0.02624297752808985
20 0.08499999999999999 0.8125 0.024995098039215694 0.024995098039215735
14 0.33625 0.5475 0.02745689655172412 0.04495689655172419
03 0.618125 0.360625 0.028728448275862073 0.038728448275862026
20 0.69 0.730625 0.029886363636363655 0.02113636363636373
