04 0.215 0.8899999999999999 0.03998355263157899 0.029983552631578925
19 0.169375 0.15625 0.023741610738255037 0.03749161073825502
13 0.88375 0.8437392241379311 0.039956896551724186 0.04497844827586206
03 0.525625 0.6975 0.026244444444444515 0.05749444444444429
00 0.88625 0.075625 0.02998809523809509 0.023738095238095225
10 0.739375 0.33375 0.026242977528089906 0.022492977528089875
12 0.59875 0.9237500000000001 0.03999509803921564 0.042495098039215695
10 0.38875000000000004 0.880625 0.024956896551724117 0.0237068965517242
01 0.45125000000000004 0.89125 0.027478448275862044 0.01997844827586226
02 0.0275 0.94125 0.017386363636363637 0.04238636363636372
03 0.953125 0.9156249999999999 0.0287357954545453 0.021235795454545348
03 0.06625 0.770625 0.03246951219512194 0.05621951219512189
00 0.11687499999999999 0.288125 0.04873214285714286 0.036232142857142824
14 0.350625 0.453125 0.026237500000000025 0.016237500000000016
