10 0.9512499999999999 0.13375 0.029983552631578925 0.02998355263157894
01 0.40125 0.22125 0.03249161073825502 0.03499161073825505
13 0.8625 0.30062500000000003 0.1374568965517241 0.10620689655172416
01 0.246875 0.44375 0.023744444444444457 0.017494444444444535
09 0.713125 0.281875 0.03873809523809513 0.028738095238095285
09 0.35250000000000004 0.96625 0.03999297752808989 0.039992977528089946
11 0.678125 0.46499999999999997 0.03624509803921572 0.02499509803921568
08 0.243125 0.04125 0.023706896551724144 0.03495689655172414
05 0.16749999999999998 0.5393749999999999 0.029978448275862074 0.036228448275862024
14 0.4 0.47687500000000005 0.034886363636363604 0.05863636363636365
08 0.35875355113636365 0.606875 0.042492897727272716 0.043735795454545534
08 0.451875 0.7875000000000001 0.053719512195122 0.027469512195121948
06 0.874375 0.354375 0.03373214285714288 0.028732142857142873
08 0.388125 0.339375 0.03873749999999998 0.0587375
