03 0.6000000000000001 0.316875 0.039983552631578934 0.01623355263157894
14 0.8275 0.8031250000000001 0.03999161073825497 0.03624161073825494
04 0.855 0.076875 0.029956896551724066 0.023706896551724144
08 0.45999999999999996 0.9425 0.017494444444444535 0.03499444444444433
09 0.460625 0.26937500000000003 0.02873809523809523 0.036238095238095236
00 0.491875 0.208125 0.03124297752808991 0.021242977528089846
06 0.103125 0.9649987745098039 0.07874509803921569 0.04499754901960784
09 0.698125 0.381875 0.03120689655172404 0.02120689655172414
10 0.865625 0.031249999999999997 0.03372844827586219 0.027478448275862065
20 0.7424999999999999 0.075625 0.02738636363636371 0.023636363636363636
03 0.9562464488636363 0.840625 0.03249289772727271 0.05373579545454532
