18 0.528125 0.835625 0.023733552631578836 0.026233552631578894
06 0.72875 0.3375 0.01999161073825495 0.08499161073825506
14 0.08374999999999999 0.85875 0.03495689655172414 0.019956896551724057
18 0.38125 0.6499999999999999 0.01999444444444448 0.022494444444444484
13 0.79 0.309375 0.04748809523809516 0.0462380952380953
02 0.8099982443820225 0.53125 0.019996488764044917 0.049992977528089844
12 0.8200000000000001 0.375625 0.052495098039215704 0.04874509803921567
04 0.7925 0.049375 0.024956896551724173 0.023706896551724144
01 0.06 0.949375 0.029978448275862067 0.03122844827586224
15 0.875625 0.838125 0.013636363636363669 0.026136363636363735
08 0.5925 0.410625 0.0399857954545455 0.02123579545454546
06 0.905 0.720625 0.07746951219512199 0.06371951219512195
01 0.028124999999999997 0.795625 0.03623214285714285 0.02123214285714281
00 0.850625 0.5900000000000001 0.036237500000000034 0.03748750000000001
