20 0.448125 0.7275 0.026233552631578894 0.022483552631578863
00 0.20625 0.8556250000000001 0.02749161073825504 0.028741610738254875
03 0.134375 0.359375 0.03620689655172414 0.028706896551724093
14 0.523125 0.06 0.05874444444444443 0.019994444444444447
09 0.6725 0.328125 0.052488095238095056 0.05373809523809525
02 0.208125 0.766875 0.021242977528089846 0.0212429775280899
11 0.24125000000000002 0.26875 0.02749509803921571 0.017495098039215673
20 0.576875 0.40937500000000004 0.02120689655172414 0.023706896551724144
09 0.935 0.384375 0.02747844827586221 0.018728448275862064
14 0.36312500000000003 0.6937500000000001 0.031136363636363573 0.03488636363636377
02 0.385 0.155 0.029985795454545494 0.017485795454545483
