01 0.59 0.226875 0.02498355263157892 0.026233552631578977
00 0.495625 0.6375 0.043741610738255055 0.04499161073825497
03 0.036250000000000004 0.079375 0.06245689655172415 0.04120689655172414
03 0.5525 0.8856250000000001 0.0374944444444445 0.02874444444444435
03 0.88375 0.820625 0.05748809523809506 0.028738095238095118
10 0.19874999999999998 0.9068750000000001 0.03499297752808986 0.023742977528089848
06 0.420625 0.746875 0.031245098039215657 0.011245098039215695
08 0.083125 0.18562499999999998 0.011206896551724146 0.021206896551724114
13 0.14875 0.823125 0.04247844827586206 0.1162284482758622
08 0.536875 0.8743749999999999 0.0686363636363636 0.016136363636363726
04 0.638125 0.678125 0.031235795454545356 0.0287357954545453
08 0.188125 0.09937499999999999 0.021219512195121998 0.05621951219512193
18 0.721875 0.215625 0.02123214285714281 0.02373214285714284
