10 0.26187499999999997 0.16625 0.023733552631579002 0.01998355263157897
20 0.166875 0.95875 0.01624161073825503 0.014991610738254835
08 0.673125 0.969375 0.016206896551724137 0.04120689655172405
00 0.8300000000000001 0.405 0.027494444444444377 0.017494444444444535
03 0.81125 0.8518749999999999 0.019988095238095083 0.023738095238095114
06 0.825625 0.81 0.0212429775280899 0.009992977528089919
18 0.8525 0.09125 0.01999509803921573 0.02249509803921569
20 0.384375 0.9175 0.013706896551724135 0.014956896551724164
01 0.8831249999999999 0.60625 0.028728448275862184 0.02747844827586199
03 0.51875 0.575625 0.022386363636363593 0.061136363636363655
02 0.8 0.6225 0.04248579545454534 0.022485795454545543
01 0.88 0.400625 0.014969512195121881 0.016219512195121966
