04 0.67625 0.905625 0.02498355263157892 0.026233552631578894
13 0.339375 0.8531249999999999 0.19624161073825505 0.08874161073825493
20 0.575 0.671875 0.032456896551724124 0.03370689655172421
13 0.35125 0.686875 0.0424944444444445 0.05624444444444432
06 0.5425 0.8975 0.1424880952380953 0.02998809523809509
14 0.66 0.10125 0.06999297752808986 0.029992977528089895
03 0.635625 0.6368750000000001 0.06624509803921574 0.031245098039215713
18 0.5843750000000001 0.81375 0.023706896551724088 0.024956896551724173
15 0.8574999999999999 0.55625 0.024978448275862264 0.03747844827586211
06 0.1075 0.7831250000000001 0.12988636363636363 0.01363636363636378
03 0.77125 0.111875 0.029985795454545272 0.026235795454545463
16 0.873125 0.36812500000000004 0.061219512195122006 0.04371951219512199
02 0.39875 0.042499999999999996 0.10748214285714286 0.06248214285714285
03 0.929375 0.9299999999999999 0.02123750000000002 0.057487500000000025
