19 0.9368749999999999 0.788125 0.02123355263157889 0.026233552631578894
11 0.35375 0.34562499999999996 0.027491610738255012 0.02874161073825504
06 0.48624999999999996 0.369375 0.02999999999999997 0.07120689655172413
12 0.353125 0.5818749999999999 0.03624444444444447 0.043744444444444475
09 0.78125 0.56875 0.017488095238095136 0.029988095238095314
11 0.97125 0.400625 0.029992977528089937 0.023742977528089848
13 0.375 0.438125 0.01999509803921573 0.0812450980392157
09 0.25 0.5 0.02745689655172412 0.024956896551724173
04 0.06875 0.34562499999999996 0.024978448275862056 0.016228448275862062
03 0.043125 0.82125 0.038636363636363635 0.05488636363636379
14 0.536875 0.81375 0.031235795454545467 0.034985795454545277
05 0.69375 0.8418749999999999 0.022469512195121943 0.026219512195121975
10 0.78375 0.3575 0.022482142857142784 0.019982142857142837
11 0.9299999999999999 0.36 0.03498750000000006 0.0299875
