03 0.294375 0.793125 0.043733552631578965 0.07873355263157888
15 0.06687499999999999 0.5543750000000001 0.026241610738255025 0.038741610738255106
06 0.5775 0.59625 0.029956896551724066 0.019956896551724168
18 0.8 0.8775 0.022494444444444373 0.02499444444444443
12 0.8618779761904762 0.15750000000000003 0.0587440476190475 0.057488095238095255
16 0.48312499999999997 0.23875 0.04624297752808981 0.03249297752808983
11 0.17562499999999998 0.47375 0.03374509803921569 0.03749509803921569
02 0.541875 0.134375 0.026206896551724146 0.07120689655172413
12 0.8075 0.8374999999999999 0.057478448275862126 0.059978448275862184
13 0.48062499999999997 0.4825 0.02613636363636357 0.0848863636363636
15 0.6875 0.760625 0.05248579545454524 0.07123579545454528
02 0.690625 0.5037499999999999 0.018719512195121912 0.05996951219512192
00 0.13125 0.48125 0.027482142857142858 0.019982142857142837
03 0.939375 0.885625 0.04123750000000004 0.0487375000000001
