09 0.6487499999999999 0.9762500000000001 0.047483552631578996 0.039983552631578934
14 0.5775 0.07 0.02249161073825512 0.04249161073825503
03 0.429375 0.80125 0.046206896551724164 0.022456896551724115
11 0.5856250000000001 0.246875 0.04124444444444453 0.023744444444444457
11 0.74125 0.355 0.034988095238095096 0.029988095238095258
13 0.775625 0.15062499999999998 0.05624297752808993 0.10624297752808985
01 0.77625 0.09062500000000001 0.02249509803921579 0.023745098039215692
01 0.744375 0.72 0.026206896551724146 0.022456896551724115
15 0.065625 0.655625 0.03622844827586206 0.036228448275862135
07 0.3362784090909091 0.021249999999999998 0.07494318181818188 0.027386363636363636
08 0.14437144886363637 0.265625 0.023742897727272727 0.038735795454545446
