10 0.666875 0.59375 0.016233552631578885 0.012483552631578965
11 0.17625000000000002 0.206875 0.022491610738255036 0.018741610738255032
06 0.46687500000000004 0.6068642241379311 0.06120689655172412 0.0062284482758621085
18 0.650625 0.036875000000000005 0.013744444444444337 0.016244444444444443
06 0.935 0.671875 0.027488095238095034 0.023738095238095225
18 0.775625 0.186875 0.01374297752808984 0.01624297752808987
02 0.25375000000000003 0.686875 0.029995098039215684 0.05874509803921568
16 0.54 0.481875 0.03495689655172407 0.028706896551724093
10 0.09813038793103449 0.16249999999999998 0.016239224137931024 0.019978448275862065
00 0.955625 0.145625 0.018636363636363673 0.013636363636363641
09 0.055624999999999994 0.27749999999999997 0.01873579545454545 0.024985795454545434
13 0.27875 0.329375 0.014969512195121992 0.07371951219512202
09 0.07 0.8875 0.02748214285714285 0.029982142857142846
10 0.775 0.8631249999999999 0.019987500000000047 0.016237500000000016
