15 0.799375 0.71375 0.008733552631578934 0.022483552631578974
06 0.31875 0.231875 0.06749161073825505 0.013741610738255028
14 0.8825 0.39375000000000004 0.02745689655172412 0.02995689655172412
12 0.1475 0.75875 0.027494444444444432 0.03249444444444438
13 0.33499999999999996 0.339375 0.06498809523809529 0.046238095238095245
06 0.775625 0.79125 0.07374297752808978 0.02749297752808988
06 0.7024999999999999 0.011875 0.042495098039215695 0.016245098039215686
00 0.21000000000000002 0.45687500000000003 0.022456896551724143 0.021206896551724086
15 0.628125 0.16749999999999998 0.018728448275862064 0.01497844827586206
14 0.599375 0.090625 0.033636363636363686 0.03113636363636363
03 0.368125 0.209375 0.016235795454545454 0.038735795454545474
12 0.18 0.79 0.06246951219512195 0.04246951219512196
06 0.8881205357142856 0.865 0.06624107142857139 0.0374821428571428
