13 0.075 0.61 0.02748355263157895 0.08998355263157887
14 0.663125 0.56875 0.03624161073825494 0.0649916107382551
13 0.8206249999999999 0.315 0.04870689655172422 0.04745689655172414
14 0.564375 0.613125 0.0687444444444445 0.03874444444444447
03 0.31875 0.6387499999999999 0.05248809523809528 0.03248809523809515
02 0.659375 0.755625 0.04624297752808981 0.0312429775280898
04 0.22999999999999998 0.7649999999999999 0.04249509803921567 0.032495098039215686
07 0.22625 0.271875 0.022456896551724115 0.041206896551724104
04 0.26375 0.401875 0.039978448275862055 0.02622844827586207
01 0.7731250000000001 0.56 0.026136363636363735 0.0173863636363637
