03 0.84125 0.26625 0.0624835526315789 0.02998355263157898
12 0.181875 0.046875 0.04874161073825503 0.05874161073825504
13 0.794375 0.19125 0.1487068965517241 0.10245689655172413
01 0.20937499999999998 0.32 0.018744444444444425 0.01749444444444448
19 0.2175 0.650625 0.04498809523809527 0.02873809523809523
14 0.469375 0.48687499999999995 0.021242977528089846 0.048742977528089815
03 0.6737500000000001 0.10125 0.03499509803921563 0.044995098039215684
10 0.088125 0.5675 0.028706896551724148 0.02745689655172412
00 0.6275 0.441875 0.039978448275862166 0.03622844827586208
04 0.41125 0.8725 0.037386363636363606 0.039886363636363664
14 0.754375 0.39875 0.058735795454545325 0.03248579545454544
03 0.503125 0.4625 0.03871951219512193 0.057469512195121975
