10 0.891875 0.174375 0.033733552631578956 0.01873355263157897
03 0.5974999999999999 0.114375 0.022491610738255008 0.07374161073825503
13 0.459375 0.296875 0.14120689655172414 0.053706896551724115
07 0.1262513888888889 0.934998611111111 0.027497222222222242 0.06499722222222226
01 0.366875 0.635 0.031238095238095287 0.029988095238095203
03 0.136875 0.88875 0.031242977528089896 0.05999297752808985
01 0.24 0.44125000000000003 0.022495098039215677 0.022495098039215733
18 0.658125 0.13 0.016206896551724137 0.017456896551724124
00 0.270625 0.69875 0.028728448275862073 0.024978448275862153
15 0.696875 0.625 0.028636363636363793 0.019886363636363535
04 0.340625 0.685 0.031235795454545467 0.02248579545454532
12 0.709375 0.3925 0.033719512195121926 0.03746951219512196
02 0.55625 0.438125 0.047482142857142806 0.038732142857142826
09 0.57375 0.251875 0.02498749999999994 0.03873750000000001
