00 0.673125 0.15687500000000001 0.026233552631578894 0.02623355263157895
20 0.051875 0.764375 0.023741610738255023 0.018741610738254866
02 0.215625 0.781875 0.02870689655172412 0.0237068965517242
03 0.270625 0.27125 0.051244444444444426 0.03499444444444444
19 0.82375 0.195625 0.02998809523809509 0.04373809523809527
00 0.84875 0.16375 0.02749297752808988 0.02499297752808985
19 0.815 0.7337499999999999 0.03499509803921563 0.032495098039215686
04 0.5225 0.915 0.03745689655172413 0.02495689655172406
09 0.97875 0.281875 0.01997844827586226 0.043728448275862086
04 0.35375 0.268125 0.037386363636363606 0.023636363636363678
16 0.37625 0.13 0.049985795454545456 0.03498579545454546
02 0.229375 0.6375 0.05371951219512194 0.03496951219512201
16 0.875 0.579375 0.04998214285714275 0.043732142857142886
03 0.743125 0.5081249999999999 0.03873749999999998 0.026237500000000025
