09 0.841875 0.374375 0.016233552631578885 0.026233552631578894
07 0.864375 0.853125 0.021241610738254924 0.1162416107382549
00 0.94 0.03375 0.022456896551724115 0.024956896551724145
00 0.679375 0.303125 0.023744444444444346 0.018744444444444397
18 0.46062499999999995 0.874375 0.018738095238095276 0.021238095238095056
15 0.386875 0.260625 0.03374297752808986 0.021242977528089846
06 0.6056250000000001 0.7575000000000001 0.003745098039215633 0.052495098039215704
20 0.985625 0.410625 0.018706896551724084 0.016206896551724137
08 0.425625 0.3025 0.018728448275862064 0.03497844827586205
20 0.7025 0.515 0.01738636363636381 0.014886363636363642
15 0.525 0.870625 0.00748579545454553 0.011235795454545339
06 0.015625 0.9550000000000001 0.02371951219512195 0.012469512195122046
16 0.528125 0.235 0.033732142857142766 0.02248214285714281
