14 0.21437499999999998 0.823125 0.16373355263157893 0.07373355263157899
01 0.15125 0.499375 0.06749161073825505 0.05874161073825507
14 0.660625 0.7193750000000001 0.1537068965517241 0.053706896551724115
12 0.713125 0.668125 0.08874444444444429 0.16624444444444442
01 0.249375 0.858125 0.06373809523809529 0.041238095238095074
00 0.575625 0.79375 0.10624297752808987 0.08249297752808993
11 0.06625 0.7931250000000001 0.1049950980392157 0.06124509803921574
04 0.8425 0.348125 0.10245689655172407 0.0937068965517241
12 0.11375 0.8200000000000001 0.07997844827586206 0.13497844827586214
14 0.775625 0.19437500000000002 0.16613636363636375 0.08113636363636365
03 0.450625 0.6487499999999999 0.058735795454545436 0.11498579545454535
02 0.083125 0.608125 0.09871951219512194 0.10371951219512199
00 0.538125 0.42125 0.11373214285714284 0.09498214285714285
06 0.135 0.066875 0.1199875 0.03873750000000001
