05 0.5462499999999999 0.45 0.029983552631578925 0.039983552631578934
06 0.244375 0.50875 0.07124161073825508 0.11499161073825503
08 0.41500000000000004 0.768125 0.07745689655172411 0.028706896551724204
04 0.6331249999999999 0.425 0.043744444444444475 0.047494444444444506
10 0.9299999999999999 0.226875 0.04998809523809522 0.04123809523809527
11 0.14875 0.35062499999999996 0.03999297752808989 0.031242977528089855
01 0.433125 0.980625 0.021245098039215704 0.018745098039215646
10 0.94875 0.31 0.04245689655172413 0.04245689655172413
04 0.938125 0.7725 0.0437284482758622 0.042478448275862224
03 0.8043750000000001 0.30624999999999997 0.028636363636363682 0.05238636363636362
16 0.12625 0.43374999999999997 0.05498579545454546 0.0374857954545455
07 0.6950000000000001 0.4574923780487805 0.05496951219512203 0.069984756097561
