00 0.86625 0.726875 0.047483552631578885 0.0362335526315789
01 0.905625 0.88 0.028741610738254986 0.024991610738254844
04 0.77125 0.8118749999999999 0.04495689655172419 0.03120689655172415
04 0.11687499999999999 0.776875 0.04624444444444445 0.03874444444444436
08 0.08249999999999999 0.559375 0.049988095238095234 0.1262380952380952
14 0.321875 0.849375 0.05124297752808987 0.02124297752808979
18 0.145625 0.744375 0.028745098039215683 0.031245098039215602
11 0.921875 0.208125 0.04370689655172422 0.053706896551724115
03 0.1275 0.7075 0.014978448275862047 0.04497844827586217
04 0.54375 0.50875 0.04238636363636361 0.0323863636363636
03 0.940625 0.8262499999999999 0.06123579545454538 0.029985795454545383
