04 0.5606249999999999 0.55 0.033733552631578845 0.03498355263157882
20 0.464375 0.499375 0.023741610738255037 0.018741610738255032
08 0.47687500000000005 0.621875 0.058706896551724175 0.023706896551724088
03 0.9481250000000001 0.175 0.03874444444444436 0.039994444444444444
06 0.12062500000000001 0.8674999999999999 0.02373809523809524 0.014988095238095078
03 0.07250000000000001 0.8049999999999999 0.06999297752808989 0.039992977528089946
18 0.473125 0.90375 0.021245098039215704 0.022495098039215677
13 0.5725 0.47750000000000004 0.05995689655172409 0.03995689655172413
14 0.5118750000000001 0.8612500000000001 0.021228448275862122 0.06747844827586225
02 0.51125 0.85875 0.042386363636363666 0.05238636363636373
04 0.179375 0.180625 0.03373579545454547 0.026235795454545463
06 0.49875 0.02 0.029969512195122006 0.017469512195121953
18 0.388125 0.796875 0.016232142857142806 0.018732142857142753
07 0.435625 0.785625 0.04873749999999999 0.05123750000000005
