17 0.448125 0.714375 0.04873355263157886 0.053733552631578974
03 0.666875 0.278125 0.03374161073825488 0.021241610738255035
03 0.5275000000000001 0.234375 0.012456896551724106 0.026206896551724146
18 0.32000000000000006 0.555625 0.01999444444444448 0.023744444444444457
00 0.495 0.74375 0.029988095238095314 0.019988095238095083
02 0.051875 0.299375 0.04624297752808988 0.018742977528089844
03 0.7693749999999999 0.27625 0.02374509803921565 0.049995098039215646
16 0.338125 0.27437500000000004 0.043706896551724106 0.028706896551724148
19 0.045 0.93625 0.02997844827586207 0.029978448275862157
03 0.5844034090909092 0.8125 0.018693181818181803 0.039886363636363775
05 0.931875 0.578125 0.041235795454545254 0.023735795454545405
