10 0.41812499999999997 0.859375 0.02373355263157889 0.01873355263157883
14 0.70875 0.90125 0.024991610738254844 0.04499161073825486
13 0.32625 0.459375 0.05245689655172414 0.05620689655172412
15 0.85875 0.5318750000000001 0.009994444444444417 0.02124444444444451
06 0.934375 0.68875 0.028738095238095118 0.07498809523809513
18 0.395625 0.046875 0.018742977528089844 0.021242977528089887
08 0.9181250000000001 0.676875 0.03374509803921566 0.031245098039215602
07 0.9225 0.86625 0.057456896551724146 0.014956896551724164
01 0.06875 0.27937500000000004 0.01747844827586207 0.011228448275862057
11 0.796875 0.71625 0.028636363636363793 0.032386363636363824
10 0.3075 0.3725 0.029985795454545494 0.027485795454545436
03 0.911875 0.5449999999999999 0.008719512195122014 0.03746951219512196
04 0.35562499999999997 0.711875 0.028732142857142817 0.018732142857142864
