03 0.56 0.65625 0.03498355263157882 0.027483552631578867
03 0.580625 0.18 0.028741610738255097 0.03999161073825505
06 0.5 0.7693749999999999 0.03245689655172418 0.13370689655172419
03 0.845 0.581875 0.08749444444444432 0.03874444444444447
03 0.864375 0.630625 0.04623809523809519 0.01873809523809533
04 0.36625 0.674375 0.04499297752808984 0.036242977528089804
12 0.41812499999999997 0.6 0.03874509803921572 0.04499509803921575
01 0.975 0.44375 0.02745689655172412 0.02245689655172417
03 0.020625 0.85375 0.02872844827586207 0.02997844827586227
11 0.366875 0.766875 0.033636363636363575 0.033636363636363686
01 0.431875 0.12 0.02123579545454546 0.014985795454545467
13 0.711875 0.1925 0.061219512195122006 0.05996951219512198
01 0.45375 0.635625 0.02498214285714284 0.018732142857142753
03 0.45125 0.940625 0.057487500000000025 0.026237500000000025
