09 0.44062500000000004 0.443125 0.028733552631578896 0.016233552631578885
14 0.270625 0.8687499999999999 0.03624161073825505 0.03749161073825491
13 0.923125 0.454375 0.043706896551724106 0.031206896551724095
08 0.7525 0.6225 0.009994444444444306 0.014994444444444421
04 0.268125 0.954375 0.026238095238095283 0.01873809523809511
00 0.9299999999999999 0.415625 0.029992977528089937 0.018742977528089844
14 0.856875 0.688125 0.018745098039215757 0.023745098039215762
06 0.8087500000000001 0.31937499999999996 0.03495689655172407 0.013706896551724135
04 0.384375 0.448125 0.02622844827586207 0.028728448275862073
03 0.49312500000000004 0.095625 0.008636363636363609 0.026136363636363624
00 0.14125 0.35375 0.017485795454545455 0.012485795454545479
10 0.7362500000000001 0.48125 0.024969512195122 0.019969512195121997
18 0.7181249999999999 0.2175 0.02123214285714281 0.02248214285714284
12 0.30000000000000004 0.071875 0.03998750000000001 0.0437375
