01 0.074375 0.848125 0.06123355263157895 0.04873355263157886
15 0.450625 0.34125 0.07874161073825503 0.03999161073825508
11 0.41000000000000003 0.04875 0.04995689655172414 0.03995689655172413
00 0.1925 0.249375 0.05749444444444443 0.03624444444444444
03 0.46562499999999996 0.39375000000000004 0.056238095238095254 0.024988095238095254
18 0.853125 0.20375 0.0312429775280898 0.032492977528089856
08 0.90375 0.32 0.05499509803921565 0.05749509803921571
20 0.93625 0.863125 0.03495689655172418 0.028706896551724093
03 0.115 0.87625 0.03497844827586208 0.09247844827586216
14 0.7424999999999999 0.518125 0.04988636363636367 0.05363636363636359
03 0.41500000000000004 0.678125 0.03998579545454545 0.03873579545454531
09 0.36312500000000003 0.55 0.04621951219512194 0.0399695121951219
11 0.4675 0.22375 0.05498214285714281 0.03998214285714283
