03 0.074375 0.053125000000000006 0.01123355263157895 0.02873355263157895
03 0.78375 0.6525000000000001 0.032491610738254906 0.024991610738254955
12 0.26125 0.859375 0.0374568965517241 0.04120689655172405
06 0.165625 0.8731249999999999 0.10124444444444443 0.061244444444444324
01 0.339375 0.7462500000000001 0.03373809523809529 0.03248809523809515
06 0.8556267556179775 0.525625 0.08624648876404495 0.043742977528089866
12 0.65625 0.6481250000000001 0.0624950980392156 0.06124509803921574
03 0.5125 0.45375 0.0649568965517241 0.057456896551724146
02 0.48187500000000005 0.21125 0.05122844827586209 0.06997844827586205
18 0.620625 0.389375 0.023636363636363567 0.02613636363636357
00 0.9281250000000001 0.104375 0.0337357954545453 0.028735795454545465
15 0.666875 0.36750000000000005 0.016219512195122077 0.04996951219512197
20 0.88375 0.38749999999999996 0.02498214285714284 0.017482142857142835
