20 0.18312499999999998 0.9381250000000001 0.033733552631578984 0.031233552631578898
18 0.889375 0.09062500000000001 0.03624161073825494 0.038741610738255036
10 0.46625 0.9493750000000001 0.032456896551724124 0.043706896551724106
04 0.36875 0.14500000000000002 0.047494444444444506 0.029994444444444462
12 0.28125 0.373125 0.0724880952380953 0.06873809523809526
20 0.920625 0.81625 0.043742977528089866 0.039992977528089835
03 0.924375 0.7481249999999999 0.06374509803921569 0.07624509803921564
11 0.443125 0.6156250000000001 0.053706896551724115 0.043706896551724106
07 0.8700053879310345 0.298125 0.057489224137931116 0.08872844827586207
19 0.46499999999999997 0.3675 0.059886363636363626 0.05988636363636357
16 0.38187499999999996 0.5918749999999999 0.0637357954545455 0.07623579545454551
