20 0.736875 0.071875 0.023733552631578836 0.023733552631578947
14 0.315 0.051875000000000004 0.022491610738255008 0.018741610738255025
05 0.1825 0.680625 0.03745689655172413 0.026206896551724146
14 0.041874999999999996 0.446875 0.04374444444444444 0.018744444444444508
07 0.7350000000000001 0.23625 0.1074880952380951 0.04498809523809527
05 0.68125 0.1325 0.02749297752808988 0.0324929775280899
01 0.385 0.39249999999999996 0.014995098039215726 0.01499509803921567
13 0.3325 0.12187500000000001 0.09745689655172413 0.061206896551724135
00 0.926875 0.18375000000000002 0.036228448275862135 0.022478448275862067
14 0.05875 0.840625 0.03988636363636363 0.03113636363636374
11 0.31937499999999996 0.6187499999999999 0.028735795454545465 0.02498579545454549
18 0.645 0.033125 0.019969512195121997 0.02121951219512195
