06 0.88 0.911875 0.07998355263157886 0.02123355263157889
14 0.49812500000000004 0.14687499999999998 0.018741610738255032 0.013741610738255056
14 0.686875 0.38875000000000004 0.016206896551724137 0.014956896551724108
13 0.650625 0.27375 0.06874444444444439 0.047494444444444395
14 0.596875 0.42125 0.021238095238095278 0.029988095238095258
15 0.383125 0.7637499999999999 0.028742977528089853 0.019992977528089928
15 0.690625 0.923125 0.011245098039215695 0.031245098039215713
08 0.30625 0.88375 0.04245689655172413 0.03495689655172407
13 0.915625 0.445 0.046228448275862144 0.08747844827586204
20 0.042499999999999996 0.042499999999999996 0.022386363636363628 0.022386363636363628
08 0.78625 0.048125 0.029985795454545272 0.026235795454545456
