08 0.245 0.193125 0.024983552631579004 0.036233552631578986
11 0.904375 0.925 0.031241610738254932 0.022491610738254897
05 0.33999999999999997 0.8825 0.019956896551724113 0.04745689655172414
04 0.8775 0.683125 0.027494444444444377 0.026244444444444293
13 0.535 0.861875 0.08498809523809531 0.03873809523809513
10 0.413125 0.419375 0.028742977528089853 0.0212429775280899
08 0.6025 0.5625 0.014995098039215726 0.05499509803921576
18 0.44125000000000003 0.0925 0.019956896551724113 0.02245689655172413
15 0.071875 0.010625 0.026228448275862064 0.01622844827586207
06 0.688125 0.8825000000000001 0.02113636363636373 0.019886363636363646
