20 0.263125 0.17 0.026233552631579005 0.024983552631578976
03 0.96375 0.285625 0.022491610738254897 0.02874161073825504
11 0.51 0.240625 0.04495689655172419 0.03870689655172416
00 0.0325 0.153125 0.03749444444444444 0.031244444444444436
08 0.47 0.311875 0.07248809523809524 0.038738095238095294
03 0.390625 0.87875 0.0837429775280899 0.03749297752808989
09 0.93875 0.768125 0.03999509803921564 0.04374509803921567
13 0.63 0.548125 0.14745689655172423 0.046206896551724164
03 0.38687499999999997 0.509375 0.02622844827586207 0.026228448275862126
08 0.36875 0.1793465909090909 0.04988636363636362 0.053693181818181834
00 0.420625 0.18625 0.036235795454545416 0.02498579545454549
00 0.613125 0.599375 0.05371951219512194 0.04871951219512205
