02 0.410625 0.35 0.031233552631578898 0.04498355263157888
09 0.858125 0.325625 0.01624161073825492 0.03624161073825505
10 0.339375 0.395625 0.03370689655172415 0.023706896551724088
04 0.934375 0.096875 0.026244444444444404 0.021244444444444455
01 0.586875 0.765625 0.021238095238095278 0.016238095238095163
01 0.8612500000000001 0.64375 0.02499297752808982 0.027492977528089768
04 0.67125 0.9068750000000001 0.027495098039215682 0.031245098039215713
14 0.145625 0.45687500000000003 0.01870689655172414 0.02620689655172409
09 0.51875 0.9606250000000001 0.022478448275862095 0.0337284482758623
12 0.479375 0.93625 0.03113636363636363 0.029886363636363766
14 0.11624999999999999 0.02375 0.009985795454545462 0.02498579545454546
20 0.5818749999999999 0.888125 0.023719512195122028 0.018719512195121912
03 0.96375 0.975625 0.022482142857142895 0.026232142857142815
