06 0.21000000000000002 0.8799958881578946 0.11248355263157897 0.0574917763157895
02 0.270625 0.58125 0.031241610738255043 0.03999161073825508
13 0.42874999999999996 0.448125 0.10245689655172413 0.19370689655172413
16 0.610625 0.49624999999999997 0.07124444444444444 0.05749444444444446
13 0.2375 0.11875000000000001 0.09248809523809529 0.044988095238095244
04 0.234375 0.32875 0.043742977528089866 0.04249297752808984
03 0.620625 0.5525 0.046245098039215726 0.0624950980392156
16 0.7506250000000001 0.40125 0.06370689655172412 0.04745689655172414
15 0.7012499999999999 0.50625 0.039978448275862166 0.049978448275862064
04 0.47687500000000005 0.20500000000000002 0.048636363636363644 0.029886363636363683
12 0.8362499999999999 0.551875 0.07748579545454526 0.06873579545454556
12 0.30874999999999997 0.335625 0.04746951219512202 0.04871951219512194
