11 0.23125 0.048125 0.03998355263157896 0.02123355263157895
00 0.87 0.295625 0.03499161073825485 0.03624161073825505
12 0.731875 0.9768749999999999 0.0337068965517241 0.03120689655172415
06 0.714375 0.614375 0.07874444444444428 0.016244444444444506
06 0.405 0.941875 0.08248809523809525 0.09373809523809506
09 0.14625 0.30000000000000004 0.02749297752808988 0.04749297752808984
13 0.64625 0.601875 0.10249509803921564 0.05874509803921568
09 0.19875 0.264375 0.032456896551724124 0.03370689655172415
03 0.32875 0.63375 0.02247844827586204 0.10247844827586206
20 0.438125 0.681875 0.023636363636363622 0.016136363636363726
10 0.905625 0.9568749999999999 0.03623579545454536 0.031235795454545356
19 0.475 0.5431250000000001 0.04996951219512197 0.023719512195122028
