12 0.665 0.2425 0.09248355263157892 0.05498355263157895
02 0.605625 0.41125 0.06874161073825502 0.07749161073825506
09 0.258125 0.46499999999999997 0.05120689655172414 0.02995689655172412
02 0.85375 0.72375 0.022494444444444373 0.0524944444444444
12 0.934375 0.346875 0.08373809523809517 0.04873809523809525
04 0.8987499999999999 0.41000000000000003 0.03749297752808978 0.03749297752808983
14 0.465625 0.414375 0.038745098039215664 0.05124509803921573
12 0.798125 0.37124999999999997 0.07120689655172407 0.07495689655172416
11 0.496875 0.065 0.043728448275862086 0.03997844827586206
00 0.136875 0.164375 0.03363636363636363 0.028636363636363654
03 0.515625 0.429375 0.036235795454545416 0.026235795454545463
