15 0.4175 0.21875 0.02498355263157892 0.062483552631578954
14 0.775625 0.680625 0.031241610738254932 0.03374161073825488
10 0.624375 0.325625 0.0237068965517242 0.026206896551724146
15 0.495 0.499375 0.039994444444444444 0.04624444444444453
15 0.19874999999999998 0.025625 0.017488095238095275 0.036238095238095236
03 0.874375 0.685625 0.04124297752808981 0.028742977528089853
04 0.42562500000000003 0.576875 0.031245098039215657 0.02624509803921571
03 0.9299999999999999 0.09875 0.03495689655172407 0.034956896551724126
03 0.5387500000000001 0.4 0.02747844827586199 0.019978448275862093
03 0.065 0.863125 0.037386363636363634 0.061136363636363766
07 0.620625 0.794375 0.031235795454545467 0.04373579545454531
03 0.464375 0.80125 0.03121951219512198 0.06246951219512198
