18 0.299375 0.1225 0.016233552631578996 0.01998355263157893
11 0.880625 0.14250000000000002 0.028741610738254986 0.019991610738255033
07 0.25875 0.8474999999999999 0.02745689655172409 0.09245689655172418
00 0.844375 0.6499999999999999 0.026244444444444293 0.017494444444444368
05 0.26125 0.475 0.014988095238095245 0.037488095238095265
06 0.904375 0.296875 0.04874297752808987 0.06624297752808983
18 0.5675 0.318125 0.014995098039215726 0.0162450980392157
04 0.34125000000000005 0.325625 0.034956896551724126 0.0337068965517241
16 0.16749999999999998 0.5718749999999999 0.03497844827586208 0.04622844827586203
07 0.9456249999999999 0.303125 0.053636363636363815 0.05363636363636359
03 0.7424999999999999 0.8143750000000001 0.04248579545454534 0.023735795454545294
07 0.765 0.18375000000000002 0.0349695121951219 0.029969512195121978
20 0.19 0.338125 0.02498214285714284 0.02373214285714287
