10 0.164375 0.6993750000000001 0.021233552631578972 0.018733552631578942
14 0.179375 0.7975000000000001 0.01874161073825506 0.0274916107382549
07 0.864375 0.6168750000000001 0.018706896551724084 0.10870689655172405
10 0.19687500000000002 0.6443749999999999 0.018744444444444425 0.01874444444444434
20 0.036250000000000004 0.40249999999999997 0.009988095238095233 0.012488095238095298
04 0.72375 0.51 0.019992977528089817 0.019992977528089817
14 0.6893750000000001 0.9806250000000001 0.021245098039215704 0.02374509803921565
01 0.9768749999999999 0.44875 0.018706896551724195 0.019956896551724113
10 0.7306250000000001 0.195625 0.01622844827586223 0.01372844827586206
04 0.9450000000000001 0.35375 0.02738636363636371 0.024886363636363595
03 0.659375 0.110625 0.0187357954545454 0.018735795454545456
14 0.9650000000000001 0.323125 0.01746951219512194 0.016219512195121966
