10 0.03875000000000001 0.8300000000000001 0.01998355263157895 0.01748355263157897
14 0.3875 0.8725 0.03999161073825508 0.029991610738254848
06 0.84125 0.745614224137931 0.03745689655172413 0.028728448275862073
03 0.43437638888888885 0.219375 0.016247222222222246 0.03624444444444444
02 0.130625 0.021249999999999998 0.026238095238095227 0.024988095238095236
10 0.649375 0.105625 0.028742977528089853 0.018742977528089885
11 0.6625 0.9775 0.027495098039215682 0.01999509803921573
20 0.95 0.625625 0.00995689655172416 0.008706896551724075
04 0.27749999999999997 0.393125 0.024978448275862097 0.028728448275862073
08 0.241875 0.42562500000000003 0.04613636363636367 0.018636363636363618
01 0.178125 0.62375 0.013735795454545452 0.01498579545454548
10 0.961875 0.325625 0.02121951219512197 0.016219512195121966
