00 0.85875 0.776875 0.017483552631578858 0.01873355263157883
20 0.1225 0.78 0.019991610738255047 0.014991610738254946
10 0.10625 0.635 0.012456896551724134 0.014956896551724164
14 0.16499999999999998 0.37 0.029994444444444462 0.034994444444444495
03 0.65875 0.545 0.019988095238095194 0.03248809523809526
03 0.042499999999999996 0.18375000000000002 0.019992977528089893 0.029992977528089854
15 0.484375 0.778125 0.02374509803921565 0.04124509803921572
10 0.24062499999999998 0.275 0.031206896551724123 0.02995689655172412
18 0.899375 0.034375 0.01622844827586223 0.01872844827586207
07 0.104375 0.7375 0.026136363636363638 0.04488636363636378
04 0.8275 0.7518750000000001 0.02498579545454538 0.021235795454545348
07 0.34687500000000004 0.135 0.053719512195122 0.03746951219512193
10 0.5237499999999999 0.7406250000000001 0.0274821428571429 0.018732142857142864
