00 0.7675 0.181875 0.02498355263157892 0.026233552631578977
20 0.919375 0.19875 0.013741610738254972 0.009991610738255052
05 0.040625 0.849375 0.01870689655172414 0.026206896551724146
04 0.58125 0.28312499999999996 0.022494444444444484 0.0237444444444444
10 0.34750000000000003 0.18125000000000002 0.01998809523809525 0.014988095238095273
02 0.0475 0.08625 0.014992977528089889 0.0324929775280899
14 0.6756249999999999 0.32125000000000004 0.03374509803921566 0.01749509803921573
00 0.4525 0.973125 0.019956896551724113 0.02120689655172414
04 0.244375 0.445625 0.026228448275862043 0.02372844827586207
15 0.09625 0.3825 0.01738636363636363 0.022386363636363593
06 0.09562500000000002 0.115625 0.08623579545454546 0.03623579545454547
18 0.69375 0.231875 0.012469512195121935 0.016219512195121966
01 0.589375 0.614375 0.02373214285714287 0.026232142857142815
12 0.46499999999999997 0.173125 0.034987500000000005 0.036237500000000034
