01 0.29125 0.080625 0.01748355263157897 0.013733552631578952
03 0.8418749999999999 0.5824979026845638 0.028741610738254875 0.017495805369127537
01 0.48062499999999997 0.017499999999999998 0.013706896551724135 0.009956896551724137
18 0.8243750000000001 0.15375 0.016244444444444395 0.019994444444444454
02 0.27437500000000004 0.09875 0.03373809523809529 0.009988095238095226
13 0.15562499999999999 0.799375 0.06624297752808987 0.036242977528089804
18 0.8787499999999999 0.16875 0.012495098039215669 0.014995098039215699
09 0.155625 0.15437499999999998 0.031206896551724123 0.01870689655172411
09 0.1331196120689655 0.380625 0.031239224137931038 0.02622844827586207
03 0.734971590909091 0.4075 0.014943181818181883 0.01988636363636359
09 0.333125 0.43937499999999996 0.013735795454545507 0.028735795454545465
11 0.911875 0.410625 0.023719512195121917 0.02121951219512197
07 0.9156249999999999 0.47 0.008732142857142855 0.027482142857142844
12 0.872496875 0.49750000000000005 0.03749374999999999 0.03248750000000006
