01 0.88625 0.534375 0.022483552631578974 0.023733552631578836
10 0.591875 0.16375 0.03624161073825505 0.024991610738255038
02 0.0875 0.090625 0.03745689655172413 0.046206896551724136
18 0.521875 0.343125 0.026244444444444515 0.028744444444444517
08 0.834375 0.9143749999999999 0.03873809523809513 0.07873809523809505
15 0.4125 0.1775 0.04749297752808984 0.029992977528089854
15 0.8925000000000001 0.235 0.01999509803921573 0.03749509803921569
15 0.388125 0.674375 0.026206896551724146 0.028706896551724204
12 0.92 0.5337500000000001 0.05497844827586218 0.08247844827586209
15 0.9237500000000001 0.381875 0.047386363636363726 0.0686363636363636
16 0.323125 0.89125 0.04623579545454548 0.062485795454545245
20 0.165 0.311875 0.034969512195121955 0.03371951219512198
