11 0.666875 0.14 0.033733552631578956 0.03498355263157894
04 0.08875000000000001 0.861875 0.029991610738255042 0.028741610738254875
04 0.8725 0.14625 0.03495689655172407 0.02995689655172412
00 0.931875 0.32875 0.023744444444444346 0.024994444444444486
15 0.32499999999999996 0.20937499999999998 0.049988095238095276 0.04373809523809527
01 0.7975000000000001 0.35875 0.022492977528089875 0.019992977528089872
07 0.911875 0.22625 0.09624509803921577 0.06999509803921569
19 0.595625 0.34875 0.036206896551724155 0.019956896551724168
03 0.208125 0.48562500000000003 0.021228448275862066 0.043728448275862086
13 0.30874999999999997 0.623125 0.09488636363636366 0.03613636363636363
02 0.45375 0.8656250000000001 0.02498579545454549 0.031235795454545356
