12 0.6925 0.9456249999999999 0.04248355263157899 0.06623355263157882
03 0.245 0.9375 0.022491610738255036 0.027491610738255012
08 0.560625 0.27437500000000004 0.036206896551724155 0.0362068965517241
12 0.39937500000000004 0.73 0.03624444444444447 0.054994444444444346
15 0.825625 0.7781220238095238 0.01623809523809505 0.011244047619047626
11 0.71375 0.029375 0.03749297752808989 0.03874297752808989
03 0.30375 0.123125 0.052495098039215704 0.041245098039215694
10 0.6387499999999999 0.891875 0.029956896551724177 0.023706896551724088
04 0.4475 0.16312500000000002 0.03497844827586205 0.038728448275862054
13 0.333125 0.15937500000000002 0.038636363636363635 0.061136363636363655
03 0.8775 0.6243749999999999 0.03998579545454539 0.058735795454545436
07 0.9812423780487805 0.35250000000000004 0.029984756097560905 0.03746951219512201
08 0.5425 0.974375 0.039982142857142855 0.043732142857142886
