14 0.5075000000000001 0.965625 0.019983552631578916 0.04123355263157891
03 0.546875 0.388125 0.048741610738255 0.013741610738255083
06 0.926875 0.71375 0.0237068965517242 0.07495689655172422
02 0.945001388888889 0.03125 0.03249722222222218 0.009994444444444445
07 0.55875 0.1349970238095238 0.029988095238095314 0.03749404761904761
14 0.8425 0.285625 0.03749297752808989 0.028742977528089853
10 0.23125 0.276875 0.022495098039215705 0.013745098039215697
03 0.42374999999999996 0.143125 0.02995689655172412 0.026206896551724146
01 0.339375 0.46375 0.018728448275862064 0.012478448275862086
14 0.38872159090909086 0.5306249999999999 0.019943181818181832 0.043636363636363584
