18 0.72875 0.87 0.017483552631578858 0.019983552631578805
06 0.45687500000000003 0.948125 0.08624161073825504 0.07374161073825491
19 0.6425 0.11687499999999999 0.01745689655172411 0.03620689655172413
15 0.89625 0.563125 0.037494444444444275 0.036244444444444524
11 0.13374999999999998 0.420625 0.02998809523809523 0.02373809523809528
10 0.90375 0.09875 0.02499297752808982 0.027492977528089893
11 0.45375 0.7418750000000001 0.032495098039215686 0.03374509803921566
03 0.19874999999999998 0.119375 0.08745689655172414 0.026206896551724118
00 0.556875 0.37375 0.028728448275862073 0.024978448275862097
05 0.6775 0.6475 0.014886363636363753 0.03738636363636372
