14 0.819375 0.51875 0.051233552631578916 0.027483552631578978
18 0.061875 0.89875 0.028741610738255034 0.032491610738254906
04 0.6025 0.18875 0.03745689655172413 0.03745689655172413
08 0.43875 0.35687500000000005 0.0399944444444445 0.0662444444444445
03 0.37687499999999996 0.516875 0.04123809523809524 0.05623809523809531
13 0.14187499999999997 0.64875 0.12624297752808986 0.049992977528089844
10 0.563125 0.076875 0.03374509803921577 0.028745098039215683
19 0.35124999999999995 0.3875 0.03995689655172413 0.04245689655172413
00 0.35624999999999996 0.16062500000000002 0.04747844827586206 0.041228448275862056
20 0.739375 0.81125 0.018636363636363784 0.014886363636363753
