03 0.893125 0.5375 0.06373355263157887 0.027483552631578867
15 0.105625 0.076875 0.02124161073825505 0.016241610738255044
12 0.153125 0.31875 0.04120689655172413 0.04995689655172414
20 0.11125 0.8999999999999999 0.024994444444444458 0.027494444444444377
02 0.053125000000000006 0.1375 0.028738095238095236 0.03998809523809524
01 0.326875 0.874375 0.013742977528089895 0.016242977528089897
01 0.20625 0.9299999999999999 0.022495098039215705 0.022495098039215677
15 0.21375 0.870625 0.01745689655172411 0.01370689655172419
20 0.21625 0.431875 0.017478448275862063 0.018728448275862064
12 0.25875000000000004 0.9143749999999999 0.05738636363636368 0.043636363636363806
