05 0.931875 0.368125 0.023733552631578947 0.026233552631578894
05 0.2675 0.32375 0.02999161073825507 0.027491610738255068
04 0.9299999999999999 0.56375 0.02495689655172406 0.024956896551724173
15 0.29312499999999997 0.23 0.048744444444444424 0.042494444444444446
02 0.784375 0.79375 0.031238095238095176 0.017488095238095136
04 0.861875 0.253125 0.028742977528089853 0.018742977528089844
12 0.431875 0.515 0.038745098039215664 0.06749509803921572
20 0.668125 0.076875 0.026206896551724146 0.026206896551724132
15 0.76125 0.5506249999999999 0.022478448275862206 0.021228448275862122
16 0.603125 0.464375 0.03613636363636363 0.04113636363636358
14 0.18937500000000002 0.746875 0.01373579545454548 0.04623579545454526
03 0.6950000000000001 0.606875 0.024969512195122 0.04871951219512194
11 0.4 0.5325 0.02998214285714279 0.02498214285714284
12 0.5687500000000001 0.46562499999999996 0.03748750000000001 0.0612375
