04 0.8125 0.18 0.022483552631578974 0.024983552631578976
18 0.7506250000000001 0.895 0.01624161073825492 0.017491610738254892
03 0.768125 0.21437499999999998 0.028706896551724204 0.021206896551724114
14 0.361875 0.27937500000000004 0.05874444444444449 0.01624444444444445
10 0.325625 0.376875 0.021238095238095278 0.016238095238095274
10 0.4125 0.041874999999999996 0.02249297752808982 0.01624297752808989
02 0.56375 0.238125 0.017495098039215673 0.021245098039215704
06 0.753125 0.775614224137931 0.04120689655172416 0.03872844827586208
01 0.2025 0.5800000000000001 0.017478448275862063 0.014978448275862033
14 0.13125 0.8475 0.009886363636363638 0.019886363636363757
