11 0.109375 0.249375 0.031233552631578926 0.023733552631578975
11 0.056875 0.6475 0.03374161073825503 0.024991610738255066
03 0.060625 0.7418750000000001 0.04870689655172414 0.0337068965517241
04 0.234375 0.64125 0.0212444444444444 0.027494444444444488
18 0.5875 0.349375 0.019988095238095305 0.021238095238095278
14 0.49124999999999996 0.7906249999999999 0.034992977528089886 0.04624297752808981
03 0.360625 0.7275 0.03624509803921566 0.024995098039215624
18 0.639375 0.52 0.018706896551724084 0.022456896551724115
06 0.86375 0.329375 0.024978448275862153 0.016228448275862062
00 0.9043749999999999 0.136875 0.036136363636363744 0.028636363636363626
13 0.5349999999999999 0.6656249999999999 0.04498579545454551 0.14623579545454535
03 0.23875000000000002 0.963125 0.03246951219512198 0.06371951219512195
03 0.046875 0.048749999999999995 0.053732142857142846 0.05248214285714285
