20 0.43437499999999996 0.7831250000000001 0.028733552631578896 0.023733552631578836
14 0.919375 0.950625 0.043741610738255 0.03624161073825494
17 0.361875 0.064375 0.046206896551724164 0.048706896551724145
18 0.23375 0.6893750000000001 0.027494444444444405 0.031244444444444297
04 0.6056250000000001 0.614375 0.026238095238095283 0.023738095238095225
14 0.35625 0.25687499999999996 0.05499297752808985 0.05374297752808982
11 0.91875 0.226875 0.042495098039215695 0.043745098039215696
07 0.15123922413793103 0.93625 0.07497844827586207 0.032456896551724124
10 0.815625 0.49 0.04122844827586214 0.03747844827586205
08 0.453125 0.763125 0.043636363636363584 0.04613636363636375
14 0.113125 0.5956250000000001 0.05373579545454549 0.033735795454545525
20 0.826875 0.80125 0.033719512195121926 0.03496951219512201
