02 0.115625 0.73875 0.08873355263157896 0.027483552631578867
12 0.2925 0.953125 0.03749161073825508 0.04374161073825489
16 0.856875 0.21625 0.04120689655172416 0.04245689655172413
01 0.066875 0.076875 0.03374444444444446 0.028744444444444447
09 0.915 0.7375 0.02998809523809509 0.02248809523809514
03 0.51625 0.666875 0.049992977528089844 0.04124297752808981
07 0.22437377450980392 0.3975 0.031247549019607856 0.022495098039215677
08 0.34625 0.3825 0.014956896551724164 0.014956896551724164
08 0.5425 0.599375 0.04497844827586206 0.026228448275862126
10 0.39937500000000004 0.233125 0.02613636363636357 0.028636363636363682
14 0.531875 0.69 0.03873579545454553 0.03998579545454539
13 0.416875 0.424375 0.07121951219512201 0.023719512195122028
