20 0.6074999999999999 0.3125 0.029983552631578925 0.03248355263157893
01 0.545625 0.790625 0.06624161073825507 0.04374161073825489
02 0.3675 0.8206249999999999 0.0749568965517241 0.0337068965517241
20 0.8200000000000001 0.63375 0.03999444444444433 0.03499444444444444
10 0.28874999999999995 0.075 0.049988095238095276 0.04498809523809524
02 0.46875 0.85625 0.0624929775280898 0.08249297752808993
20 0.8725 0.44937499999999997 0.04999509803921576 0.04874509803921573
13 0.33187500000000003 0.153125 0.08370689655172409 0.21370689655172415
18 0.42374999999999996 0.33687500000000004 0.03747844827586205 0.041228448275862084
05 0.41500000000000004 0.364375 0.06738636363636358 0.03113636363636363
13 0.515625 0.2875 0.13873579545454545 0.0949857954545455
15 0.033749999999999995 0.165 0.014969512195121947 0.057469512195121975
08 0.240625 0.14375 0.09623214285714282 0.16498214285714285
01 0.8143750000000001 0.536875 0.036237500000000034 0.023737499999999967
