11 0.19875 0.728125 0.022483552631578974 0.016233552631578885
06 0.5800020973154363 0.981875 0.04249580536912745 0.008741610738254857
01 0.391875 0.5643750000000001 0.013706896551724135 0.01370689655172408
20 0.7424999999999999 0.219375 0.017494444444444368 0.018744444444444425
03 0.3268720238095238 0.1875 0.02624404761904764 0.02248809523809525
06 0.6950000000000001 0.28 0.06499297752808986 0.034992977528089886
02 0.6275 0.62625 0.012495098039215669 0.027495098039215682
11 0.265625 0.303125 0.028706896551724093 0.01870689655172414
06 0.325 0.133125 0.01747844827586209 0.05872844827586207
00 0.0775 0.839375 0.02238636363636362 0.023636363636363678
