18 0.8556250000000001 0.911875 0.02123355263157889 0.023733552631578947
07 0.0625 0.4056229026845638 0.05749161073825503 0.036245805369127526
10 0.358125 0.561875 0.01620689655172408 0.018706896551724084
19 0.11937500000000001 0.71875 0.03624444444444447 0.019994444444444426
12 0.11000000000000001 0.725 0.062488095238095245 0.037488095238095154
18 0.23249999999999998 0.34125 0.022492977528089847 0.02499297752808982
09 0.43625 0.10375000000000001 0.029995098039215684 0.02249509803921569
08 0.5762499999999999 0.188125 0.04495689655172408 0.033706896551724125
20 0.7949999999999999 0.25375000000000003 0.024978448275862264 0.027478448275862044
20 0.88375 0.07125000000000001 0.029886363636363766 0.019886363636363633
18 0.780625 0.8981250000000001 0.023735795454545405 0.02623579545454524
04 0.518125 0.96875 0.03121951219512198 0.03246951219512195
