06 0.461875 0.869375 0.0937335526315789 0.05873355263157887
06 0.4 0.8643749999999999 0.11749161073825504 0.1312416107382549
10 0.22375 0.27625 0.054956896551724116 0.03745689655172413
17 0.671875 0.53375 0.051244444444444426 0.08499444444444448
05 0.6112500000000001 0.154375 0.02498809523809531 0.06123809523809526
00 0.325625 0.860625 0.03874297752808986 0.036242977528089804
18 0.628125 0.025625000000000002 0.031245098039215713 0.03374509803921569
20 0.538125 0.439375 0.03120689655172415 0.03120689655172415
13 0.561875 0.64375 0.10372844827586203 0.0849784482758622
06 0.896875 0.498125 0.053636363636363704 0.02113636363636362
09 0.583125 0.7075 0.05373579545454543 0.04248579545454534
06 0.48 0.5649923780487804 0.082469512195122 0.11498475609756109
08 0.8468794642857143 0.31937499999999996 0.0762410714285714 0.0712321428571428
03 0.4625 0.27 0.05248750000000002 0.044987500000000014
