03 0.761875 0.395625 0.07873355263157888 0.018733552631578942
20 0.336875 0.6231249999999999 0.02624161073825504 0.02374161073825498
08 0.511875 0.958125 0.016206896551724137 0.01370689655172419
14 0.258125 0.255 0.026244444444444404 0.027494444444444405
11 0.655 0.48750000000000004 0.037488095238095265 0.024988095238095254
04 0.885 0.725625 0.029992977528089826 0.03124297752808991
04 0.303125 0.8 0.02874509803921571 0.02999509803921574
05 0.23249999999999998 0.4775 0.014956896551724136 0.032456896551724124
12 0.9156249999999999 0.46125 0.036228448275862246 0.039978448275862055
08 0.959375 0.454375 0.028636363636363793 0.04113636363636358
11 0.779375 0.056874999999999995 0.0287357954545453 0.02123579545454545
14 0.29312499999999997 0.203125 0.03371951219512198 0.04121951219512199
04 0.095625 0.51 0.02623214285714287 0.02498214285714284
