03 0.20375 0.29312499999999997 0.032483552631578955 0.021233552631578945
14 0.083125 0.7875 0.046241610738255036 0.02999161073825496
02 0.6225 0.896875 0.02495689655172406 0.06870689655172413
14 0.6287499999999999 0.7275 0.019994444444444537 0.019994444444444315
15 0.264375 0.7206220238095238 0.04123809523809524 0.013744047619047572
07 0.89875 0.109375 0.007492977528089861 0.04374297752808988
08 0.116875 0.5643750000000001 0.05374509803921569 0.013745098039215642
03 0.9606250000000001 0.9125 0.026206896551724035 0.06745689655172415
01 0.6243749999999999 0.721875 0.02372844827586207 0.026228448275862237
03 0.130625 0.7887500000000001 0.018636363636363645 0.07738636363636375
08 0.270625 0.476875 0.028735795454545465 0.041235795454545476
12 0.8812500000000001 0.6375 0.047469512195121966 0.03746951219512196
06 0.548125 0.8612500000000001 0.10873214285714283 0.06248214285714282
03 0.818125 0.2725 0.028737500000000082 0.047487500000000044
