13 0.8062499999999999 0.38687499999999997 0.05248355263157889 0.028733552631578896
12 0.825 0.7268749999999999 0.01999161073825484 0.02374161073825498
20 0.578125 0.38875 0.01370689655172419 0.012456896551724106
06 0.0175 0.924375 0.007494444444444444 0.02874444444444435
10 0.874375 0.156875 0.01873809523809511 0.013738095238095244
04 0.686875 0.125625 0.018742977528089844 0.018742977528089885
07 0.080625 0.8325 0.018745098039215688 0.02999509803921563
10 0.02125 0.61375 0.014956896551724138 0.012456896551724106
02 0.92875 0.33375 0.032478448275862215 0.03497844827586205
10 0.715625 0.22249999999999998 0.016136363636363726 0.017386363636363672
