04 0.6425 0.18625 0.057483552631578894 0.044983552631578994
12 0.8887499999999999 0.23125 0.08749161073825495 0.08749161073825507
03 0.11812499999999998 0.5862499999999999 0.08870689655172413 0.06745689655172404
12 0.379375 0.7268749999999999 0.09624444444444452 0.06874444444444439
01 0.2825 0.51375 0.03498809523809526 0.03498809523809526
14 0.655625 0.8356250000000001 0.09124297752808985 0.06874297752808978
06 0.408125 0.650625 0.18374509803921568 0.06874509803921569
05 0.07625 0.24812499999999998 0.03245689655172413 0.06370689655172412
12 0.071875 0.7525 0.058728448275862065 0.06247844827586213
12 0.1275 0.7793749999999999 0.06738636363636366 0.07613636363636378
12 0.506875 0.27625 0.07123579545454545 0.05248579545454546
03 0.8399923780487805 0.7175 0.022484756097560954 0.082469512195122
01 0.93375 0.586875 0.047482142857142806 0.04623214285714283
