12 0.41874999999999996 0.22375 0.04498355263157888 0.044983552631578966
05 0.5856250000000001 0.400625 0.031241610738255043 0.023741610738255037
02 0.95375 0.171875 0.029956896551724066 0.03120689655172415
03 0.136875 0.6000000000000001 0.02874444444444446 0.03249444444444449
11 0.48062499999999997 0.778125 0.04373809523809524 0.023738095238095114
14 0.8262499999999999 0.66875 0.03499297752808983 0.03749297752808978
04 0.015625 0.55 0.02124509803921569 0.03499509803921563
03 0.7987500000000001 0.6575 0.059956896551724204 0.02745689655172412
20 0.43875 0.04625 0.03247844827586205 0.029978448275862067
06 0.4175 0.92875 0.0873863636363636 0.06738636363636374
