06 0.9762500000000001 0.674375 0.01748355263157897 0.013733552631578827
20 0.06125 0.548125 0.012491610738255027 0.011241610738255026
01 0.70625 0.870625 0.012456896551724106 0.01370689655172419
14 0.275625 0.17312499999999997 0.008744444444444444 0.03624444444444444
11 0.8225 0.11812500000000001 0.01498809523809519 0.01373809523809523
12 0.856875 0.8243750000000001 0.03124297752808991 0.03374297752808986
04 0.26 0.095625 0.017495098039215673 0.013745098039215697
18 0.869375 0.8175 0.011206896551724133 0.012456896551724217
10 0.473125 0.963125 0.016228448275862062 0.01372844827586217
13 0.17 0.246875 0.039886363636363664 0.021136363636363648
04 0.85 0.02125 0.01498579545454537 0.012485795454545458
15 0.023125 0.240625 0.016219512195121952 0.016219512195121966
