18 0.421875 0.41625 0.018733552631578942 0.019983552631578916
04 0.905 0.879375 0.0274916107382549 0.026241610738254928
08 0.1825 0.621875 0.012456896551724134 0.01370689655172408
20 0.30375 0.101875 0.009994444444444417 0.01124444444444446
04 0.510625 0.47750000000000004 0.028738095238095285 0.029988095238095258
05 0.571875 0.846875 0.016242977528089897 0.03124297752808991
15 0.15500122549019607 0.50625 0.05249754901960785 0.017495098039215673
03 0.238125 0.053750000000000006 0.03370689655172415 0.02245689655172415
03 0.885 0.6599999999999999 0.022478448275862206 0.02747844827586221
10 0.65875 0.9675 0.012386363636363806 0.014886363636363753
12 0.406875 0.329375 0.041235795454545476 0.038735795454545474
18 0.236875 0.27 0.018719512195121968 0.019969512195121997
18 0.450625 0.7418750000000001 0.016232142857142806 0.018732142857142864
01 0.07187500000000001 0.6331249999999999 0.0212375 0.016237500000000016
