06 0.25125 0.200625 0.062483552631578954 0.078733552631579
15 0.83375 0.865625 0.04499161073825486 0.0637416107382549
20 0.7737499999999999 0.29625 0.022456896551724115 0.022456896551724115
08 0.686875 0.818125 0.023744444444444346 0.08124444444444434
12 0.180625 0.18812500000000001 0.046238095238095245 0.06623809523809526
14 0.52875 0.580625 0.039992977528089946 0.06874297752808978
11 0.074375 0.11499999999999999 0.04374509803921569 0.032495098039215686
20 0.19187500000000002 0.885 0.043706896551724134 0.04495689655172419
08 0.33562499999999995 0.34375 0.08372844827586207 0.04247844827586211
00 0.446875 0.8206249999999999 0.04363636363636364 0.026136363636363735
18 0.6343749999999999 0.265625 0.031235795454545356 0.03373579545454544
13 0.8375 0.53625 0.08496951219512194 0.134969512195122
