00 0.13375 0.899375 0.03998355263157895 0.03873355263157896
13 0.54875 0.24062290268456377 0.13749161073825505 0.09624580536912752
09 0.49624999999999997 0.6799999999999999 0.034956896551724126 0.04245689655172413
08 0.17625 0.619375 0.05749444444444446 0.031244444444444408
20 0.5 0.1325 0.049988095238095276 0.04748809523809523
13 0.8162499999999999 0.83875 0.06499297752808986 0.09999297752808989
13 0.303125 0.40312499999999996 0.061245098039215684 0.1437450980392157
10 0.250625 0.47625 0.06620689655172415 0.032456896551724124
09 0.21125 0.27749999999999997 0.04247844827586206 0.05747844827586207
18 0.406875 0.504375 0.02863636363636357 0.031136363636363573
07 0.48812500000000003 0.90625 0.018735795454545456 0.0599857954545453
10 0.7606250000000001 0.48875 0.03621951219512198 0.022469512195122
