10 0.180625 0.6056250000000001 0.05123355263157897 0.031233552631578898
08 0.5787500000000001 0.71875 0.01999161073825506 0.07749161073825483
19 0.20875 0.260625 0.06495689655172412 0.028706896551724093
20 0.171875 0.9675 0.041244444444444445 0.037494444444444386
14 0.786875 0.48375 0.04623809523809519 0.05248809523809528
14 0.39875 0.236875 0.03499297752808983 0.051242977528089845
14 0.428125 0.33375 0.09124509803921571 0.03999509803921569
12 0.571875 0.116875 0.08120689655172408 0.06870689655172413
20 0.685 0.954375 0.04247844827586211 0.04122844827586225
00 0.780625 0.41874999999999996 0.06613636363636366 0.06738636363636358
04 0.81375 0.861875 0.05748579545454535 0.051235795454545374
13 0.730625 0.485625 0.14371951219512202 0.121219512195122
11 0.03937499999999999 0.208125 0.04623214285714285 0.05373214285714284
11 0.4075 0.5675 0.04748749999999996 0.05498749999999997
