11 0.11375 0.09812499999999999 0.03498355263157896 0.036233552631578944
05 0.7712520973154363 0.47750000000000004 0.017495805369127426 0.02499161073825501
03 0.70125 0.08124999999999999 0.02745689655172412 0.05495689655172414
12 0.8225 0.656875 0.07499444444444436 0.051244444444444426
00 0.26 0.253125 0.029988095238095258 0.02123809523809525
18 0.403125 0.05 0.023742977528089848 0.027492977528089886
08 0.47687500000000005 0.07375000000000001 0.018745098039215702 0.029995098039215698
12 0.694375 0.595 0.03120689655172415 0.03495689655172418
07 0.9762553879310345 0.36875 0.019989224137931028 0.04247844827586206
05 0.075625 0.4625 0.03113636363636363 0.0298863636363636
04 0.06125 0.6993750000000001 0.029985795454545446 0.021235795454545348
01 0.961875 0.30937499999999996 0.016219512195121966 0.013719512195121963
10 0.39625 0.933125 0.029982142857142846 0.02373214285714287
