08 0.26625 0.095 0.02998355263157898 0.03498355263157894
15 0.52125 0.964375 0.02249161073825512 0.031241610738254932
06 0.11499999999999999 0.10250000000000001 0.07245689655172415 0.04245689655172412
18 0.3075 0.9199999999999999 0.022494444444444428 0.02499444444444443
14 0.39937500000000004 0.036250000000000004 0.0437380952380953 0.024988095238095233
14 0.628125 0.073125 0.03374297752808986 0.021242977528089887
03 0.16499999999999998 0.133125 0.022495098039215705 0.026245098039215695
11 0.32437499999999997 0.495 0.031206896551724095 0.02745689655172412
07 0.96625 0.10311961206896551 0.03497844827586227 0.028739224137931035
20 0.8356250000000001 0.175 0.026136363636363735 0.017386363636363672
04 0.669375 0.26187499999999997 0.02623579545454524 0.018735795454545456
18 0.041249999999999995 0.845625 0.019969512195121948 0.02121951219512197
00 0.28375 0.308125 0.039982142857142855 0.028732142857142817
12 0.179375 0.605 0.036237500000000006 0.039987500000000065
