12 0.361875 0.803125 0.02873355263157895 0.03873355263157885
06 0.31625000000000003 0.05375 0.014991610738255001 0.06999161073825504
05 0.04375 0.92125 0.03245689655172414 0.019956896551724057
18 0.705625 0.02375 0.01874444444444434 0.01999444444444444
16 0.3025 0.6581250000000001 0.03498809523809526 0.03373809523809512
12 0.345 0.736875 0.02249297752808982 0.03874297752808975
11 0.081875 0.753125 0.023745098039215692 0.021245098039215704
10 0.5625 0.19874999999999998 0.019956896551724057 0.014956896551724136
03 0.104375 0.930625 0.02372844827586207 0.028728448275862184
00 0.153125 0.680625 0.021136363636363648 0.02363636363636379
16 0.2425 0.666875 0.037485795454545445 0.023735795454545405
11 0.625 0.48750000000000004 0.02746951219512206 0.017469512195121994
13 0.620625 0.7849999999999999 0.0687321428571428 0.0424821428571428
