18 0.384375 0.735625 0.013733552631578883 0.016233552631578885
14 0.8356250000000001 0.6956249999999999 0.018741610738254866 0.03374161073825499
01 0.5293749999999999 0.025 0.02120689655172414 0.01495689655172414
05 0.26 0.405625 0.01249444444444442 0.028744444444444517
11 0.3675 0.01625 0.019988095238095305 0.017488095238095237
10 0.600625 0.4425 0.0212429775280899 0.019992977528089817
11 0.8875 0.9762500000000001 0.017495098039215673 0.01999509803921573
02 0.485 0.5625 0.039956896551724075 0.024956896551724173
09 0.77875 0.776875 0.022478448275862206 0.021228448275862233
10 0.024999999999999998 0.47875 0.027386363636363632 0.0298863636363636
18 0.563125 0.6675 0.013735795454545396 0.017485795454545316
12 0.534375 0.6425 0.02871951219512192 0.029969512195122006
05 0.1025 0.8206249999999999 0.02498214285714287 0.013732142857142748
