08 0.04375 0.32125 0.01998355263157895 0.03248355263157898
09 0.111875 0.163125 0.031241610738255043 0.033741610738255046
09 0.15625 0.416875 0.014956896551724108 0.023706896551724088
03 0.818125 0.559375 0.0212444444444444 0.03624444444444441
14 0.2475 0.33625 0.029988095238095286 0.037488095238095265
14 0.264375 0.325 0.0187429775280899 0.039992977528089835
16 0.280625 0.495625 0.031245098039215713 0.018745098039215646
17 0.36312500000000003 0.861875 0.02620689655172409 0.028706896551724204
18 0.268125 0.6781250000000001 0.01372844827586206 0.01622844827586223
15 0.074375 0.641875 0.03113636363636363 0.02113636363636362
05 0.6693785511363637 0.27749999999999997 0.02624289772727262 0.014985795454545425
