13 0.249375 0.05875 0.053733552631578974 0.10498355263157894
14 0.6775 0.045625 0.04999161073825498 0.026241610738255032
12 0.3625 0.23875 0.08995689655172412 0.0674568965517241
11 0.3425 0.43 0.042494444444444446 0.027494444444444488
02 0.791875 0.484375 0.03873809523809513 0.05373809523809525
15 0.39437500000000003 0.895 0.05624297752808988 0.049992977528089844
14 0.6825 0.8512500000000001 0.02249509803921579 0.08499509803921568
08 0.275 0.40125 0.062456896551724095 0.024956896551724173
11 0.671875 0.5218750000000001 0.04122844827586225 0.02372844827586207
06 0.128125 0.166875 0.018636363636363645 0.12113636363636364
18 0.04125 0.788125 0.029985795454545456 0.031235795454545356
03 0.55125 0.438125 0.10496951219512196 0.07621951219512196
18 0.201875 0.029375 0.028732142857142817 0.031232142857142847
12 0.48687500000000006 0.1525 0.05373750000000005 0.05748750000000001
