08 0.8275041118421054 0.9 0.04999177631578944 0.037483552631578876
04 0.51625 0.7168749999999999 0.04249161073825508 0.038741610738254884
00 0.545 0.485 0.02745689655172412 0.01745689655172411
04 0.14375 0.828125 0.04499444444444445 0.04874444444444426
14 0.33125000000000004 0.66875 0.03998809523809527 0.06748809523809518
01 0.196875 0.615 0.02624297752808985 0.024992977528089932
01 0.910625 0.2475 0.023745098039215762 0.019995098039215703
18 0.963125 0.171875 0.03120689655172404 0.03370689655172415
07 0.074375 0.359375 0.01372844827586206 0.07372844827586211
08 0.94875 0.148125 0.024886363636363762 0.03113636363636363
04 0.889375 0.059375 0.051235795454545374 0.036235795454545444
