03 0.77125 0.8612500000000001 0.03248355263157898 0.027483552631578978
10 0.1 0.040624999999999994 0.029991610738255056 0.021241610738255028
11 0.941875 0.271875 0.036206896551724155 0.02620689655172409
11 0.441875 0.03625 0.026244444444444515 0.027494444444444443
13 0.901875 0.728125 0.03373809523809512 0.06873809523809515
03 0.899375 0.353125 0.026242977528089795 0.041242977528089864
13 0.33 0.858125 0.13749509803921567 0.046245098039215726
15 0.916875 0.541875 0.028706896551724093 0.026206896551724146
13 0.819375 0.714375 0.036228448275862246 0.09872844827586214
15 0.75 0.778125 0.019886363636363757 0.01363636363636378
