09 0.520625 0.020624999999999998 0.033733552631578956 0.026233552631578946
03 0.26375 0.376875 0.05749161073825504 0.03624161073825505
03 0.238125 0.268125 0.03870689655172416 0.023706896551724088
12 0.9237500000000001 0.464375 0.03999444444444433 0.04374444444444453
01 0.73125 0.72875 0.029988095238095203 0.027488095238095145
18 0.569375 0.5956250000000001 0.023742977528089848 0.026242977528089795
11 0.16 0.880625 0.042495098039215695 0.02624509803921571
15 0.2175 0.581875 0.03995689655172413 0.05870689655172412
18 0.95 0.7637499999999999 0.02747844827586221 0.029978448275862157
00 0.8162499999999999 0.71625 0.04488636363636378 0.032386363636363824
