10 0.480625 0.89625 0.04123355263157891 0.027483552631578867
05 0.31312709731543625 0.7793749999999999 0.05374580536912754 0.038741610738254884
11 0.681875 0.745 0.05120689655172406 0.057456896551724146
11 0.7875 0.91625 0.054994444444444346 0.039994444444444444
12 0.86625 0.860625 0.10498809523809516 0.11123809523809514
00 0.8712500000000001 0.7818750000000001 0.057492977528089795 0.03374297752808986
15 0.905625 0.5531250000000001 0.03374509803921577 0.02374509803921565
05 0.71375 0.73 0.05245689655172403 0.03745689655172413
15 0.928125 0.32 0.053728448275862206 0.07497844827586209
13 0.12312500000000001 0.703125 0.12863636363636366 0.016136363636363837
18 0.52625 0.56375 0.03248579545454544 0.03248579545454544
15 0.46187500000000004 0.905625 0.07371951219512202 0.02121951219512197
06 0.7050000000000001 0.3706205357142857 0.13748214285714278 0.038741071428571416
