16 0.2925 0.900625 0.052483552631578945 0.04873355263157886
03 0.17062500000000003 0.4475 0.13124161073825508 0.05749161073825504
13 0.40249999999999997 0.6487499999999999 0.11245689655172414 0.029956896551724177
18 0.8143750000000001 0.87 0.02874444444444435 0.03249444444444438
13 0.4225 0.74 0.11248809523809528 0.13498809523809507
09 0.15187499999999998 0.786875 0.03874297752808986 0.0312429775280898
04 0.67625 0.49750000000000005 0.03749509803921569 0.037495098039215746
15 0.561875 0.49624999999999997 0.026206896551724146 0.01745689655172411
14 0.09125 0.39125 0.05497844827586207 0.027478448275862044
07 0.534375 0.263125 0.07363636363636361 0.013636363636363669
19 0.573125 0.3825 0.033735795454545414 0.037485795454545445
