10 0.44562500000000005 0.391875 0.038733552631578905 0.0362335526315789
03 0.730625 0.619375 0.09374161073825493 0.046241610738254946
08 0.9575 0.41625 0.024956896551724173 0.044956896551724135
02 0.070625 0.88 0.03124444444444445 0.06249444444444441
00 0.074375 0.3625 0.05373809523809524 0.037488095238095265
10 0.611875 0.70875 0.03124297752808991 0.024992977528089932
11 0.049375 0.055625 0.05124509803921568 0.04874509803921569
13 0.63125 0.3975 0.08745689655172417 0.11495689655172414
05 0.7462500000000001 0.075 0.049978448275862175 0.049978448275862064
03 0.75125 0.359375 0.029886363636363766 0.043636363636363584
16 0.66375 0.750625 0.06498579545454541 0.048735795454545316
18 0.821875 0.768125 0.03121951219512198 0.03621951219512198
03 0.250625 0.7206250000000001 0.08373214285714281 0.11373214285714284
09 0.08250000000000002 0.66875 0.07748750000000001 0.07248749999999993
