10 0.5925 0.17812499999999998 0.017483552631578858 0.013733552631578966
08 0.6950000000000001 0.85375 0.0274916107382549 0.012491610738254888
20 0.6875 0.125 0.01745689655172411 0.019956896551724126
18 0.4375 0.3425 0.014994444444444532 0.017494444444444535
07 0.5843750000000001 0.4875 0.026238095238095283 0.007488095238095238
19 0.50375 0.454375 0.02999297752808988 0.021242977528089846
06 0.033125 0.499375 0.03374509803921569 0.04874509803921567
19 0.5349999999999999 0.486875 0.019956896551724168 0.01370689655172408
20 0.33562499999999995 0.8518749999999999 0.016228448275862062 0.013728448275862282
01 0.453125 0.391875 0.011136363636363611 0.013636363636363613
13 0.29375 0.7362500000000001 0.05248579545454546 0.03998579545454539
07 0.486875 0.384375 0.008719512195122014 0.05121951219512194
02 0.49375 0.403125 0.014982142857142833 0.011232142857142802
03 0.14250000000000002 0.200625 0.03498750000000003 0.011237500000000011
