00 0.60875 0.94875 0.04998355263157883 0.04248355263157888
09 0.23625 0.77625 0.05499161073825504 0.04749161073825481
11 0.764375 0.278125 0.04870689655172411 0.03120689655172415
04 0.24874999999999997 0.493125 0.039994444444444416 0.033744444444444466
03 0.15250000000000002 0.149375 0.06248809523809526 0.03123809523809523
06 0.639375 0.495 0.026242977528089906 0.05249297752808979
14 0.405625 0.215 0.038745098039215664 0.0449950980392157
20 0.59375 0.548125 0.03495689655172418 0.036206896551724155
11 0.6025 0.83125 0.049978448275862064 0.03497844827586227
15 0.9025000000000001 0.476875 0.014886363636363753 0.03863636363636358
