14 0.530625 0.599375 0.03873355263157885 0.0362335526315789
13 0.6712499999999999 0.73 0.10999161073825492 0.05499161073825487
11 0.26437499999999997 0.41000000000000003 0.031206896551724123 0.024956896551724117
03 0.855 0.6287499999999999 0.03499444444444433 0.022494444444444484
04 0.338125 0.17375000000000002 0.031238095238095287 0.029988095238095258
07 0.8525 0.6325000000000001 0.07249297752808992 0.019992977528089928
08 0.8824987745098039 0.766875 0.014997549019607814 0.028745098039215655
16 0.19437500000000002 0.734375 0.023706896551724116 0.04370689655172422
01 0.9762500000000001 0.855 0.029978448275862157 0.032478448275862215
10 0.36812500000000004 0.078125 0.023636363636363622 0.02113636363636362
05 0.61875 0.024375 0.022485795454545432 0.02873579545454545
