07 0.59125 0.5849958881578947 0.05998355263157895 0.04249177631578949
14 0.37812500000000004 0.8075 0.043741610738255055 0.04499161073825486
10 0.50875 0.5675 0.04745689655172419 0.03745689655172413
03 0.62375 0.029375000000000002 0.02499444444444454 0.018744444444444446
00 0.2975 0.6950000000000001 0.037488095238095265 0.024988095238095087
04 0.879375 0.27875 0.043742977528089866 0.04499297752808984
05 0.569375 0.48812500000000003 0.03374509803921566 0.046245098039215726
04 0.135 0.8443750000000001 0.052456896551724114 0.03120689655172415
03 0.018750000000000003 0.24 0.024978448275862073 0.039978448275862055
04 0.65 0.653125 0.04238636363636372 0.03863636363636369
03 0.28937500000000005 0.733125 0.03373579545454547 0.03873579545454531
07 0.895625 0.53375 0.03871951219512204 0.047469512195121966
06 0.79125 0.82375 0.014982142857142833 0.057482142857142815
08 0.31937499999999996 0.6275 0.05373750000000005 0.039987499999999954
