13 0.426875 0.974375 0.0337335526315789 0.02873355263157884
16 0.420625 0.9137500000000001 0.02874161073825504 0.0274916107382549
20 0.316875 0.216875 0.00870689655172413 0.00870689655172413
03 0.69125 0.71 0.022494444444444373 0.037494444444444386
12 0.37625 0.784375 0.022488095238095307 0.021238095238095167
04 0.96375 0.169375 0.01749297752808987 0.01624297752808984
06 0.48625 0.654375 0.03999509803921575 0.02624509803921571
05 0.390625 0.83875 0.028706896551724093 0.014956896551724164
08 0.6074999999999999 0.12625 0.014978448275862033 0.027478448275862058
18 0.61375 0.5387500000000001 0.012386363636363584 0.014886363636363531
01 0.520625 0.2725 0.013735795454545396 0.01498579545454548
04 0.8418826219512194 0.066875 0.016234756097560976 0.013719512195121943
01 0.8868750000000001 0.2975 0.008732142857142855 0.007482142857142826
05 0.8425 0.9281250000000001 0.022487499999999994 0.02873749999999997
