20 0.26625 0.97125 0.014983552631578967 0.012483552631578854
12 0.31625000000000003 0.440625 0.04249161073825508 0.04124161073825505
14 0.078125 0.059375 0.028706896551724134 0.07120689655172413
04 0.138125 0.42375 0.03874444444444447 0.03249444444444449
06 0.4449970238095238 0.855 0.03499404761904762 0.15748809523809515
11 0.95875 0.09125 0.04249297752808978 0.02749297752808988
03 0.6956249999999999 0.943125 0.013745098039215642 0.038745098039215664
06 0.297510775862069 0.8981250000000001 0.062478448275862075 0.08370689655172414
03 0.49250000000000005 0.848125 0.052478448275862066 0.05122844827586226
06 0.39937500000000004 0.24497159090909093 0.08613636363636362 0.05244318181818186
03 0.54 0.885625 0.027485795454545436 0.021235795454545237
19 0.825625 0.11875 0.03371951219512204 0.039969512195121945
07 0.53125 0.08812500000000001 0.07998214285714278 0.07373214285714286
