20 0.11625 0.65875 0.022483552631578946 0.022483552631578863
01 0.271875 0.27 0.018741610738255032 0.014991610738255057
13 0.578125 0.19125 0.06620689655172418 0.09495689655172412
01 0.87625 0.78375 0.037494444444444386 0.029994444444444324
11 0.273125 0.5562499999999999 0.041238095238095296 0.02498809523809531
00 0.039999999999999994 0.345625 0.04499297752808988 0.03374297752808986
11 0.53375 0.0525 0.03499509803921563 0.01999509803921569
20 0.468125 0.06937499999999999 0.02120689655172414 0.01620689655172415
01 0.71125 0.29500000000000004 0.022478448275862206 0.019978448275862093
02 0.86 0.589375 0.03238636363636371 0.04113636363636353
09 0.33187500000000003 0.786875 0.05873579545454549 0.058735795454545325
01 0.6268750000000001 0.43875 0.03371951219512204 0.03246951219512201
00 0.65625 0.856875 0.02748214285714279 0.018732142857142864
