02 0.911875 0.7725 0.026233552631578894 0.027483552631578867
10 0.6468749999999999 0.36624999999999996 0.02374161073825498 0.02499161073825501
03 0.21187499999999998 0.405 0.021206896551724114 0.017456896551724166
11 0.5375 0.8531249999999999 0.029994444444444435 0.02874444444444435
13 0.396875 0.67125 0.11623809523809531 0.05998809523809512
08 0.544375 0.48437324438202245 0.036242977528089804 0.028746488764044953
00 0.9325 0.221875 0.034995098039215744 0.02374509803921568
08 0.5375000000000001 0.39375 0.032456896551724124 0.09495689655172412
00 0.631875 0.046875 0.03122844827586213 0.028728448275862066
02 0.039375 0.38 0.03613636363636363 0.05988636363636357
11 0.780625 0.176875 0.031235795454545245 0.02373579545454546
13 0.643125 0.96 0.061219512195121895 0.04996951219512191
15 0.031875 0.11812500000000001 0.008732142857142858 0.023732142857142882
20 0.834375 0.70375 0.023737499999999967 0.019987500000000047
