03 0.291875 0.6025 0.053733552631578974 0.057483552631578894
05 0.5387479026845637 0.215 0.04249580536912756 0.04999161073825503
03 0.7 0.85625 0.06745689655172404 0.08745689655172406
01 0.958125 0.6775 0.033744444444444355 0.022494444444444373
14 0.426875 0.40249999999999997 0.05373809523809525 0.05498809523809528
04 0.58125 0.87125 0.049992977528089844 0.0474929775280899
02 0.3 0.795625 0.09499509803921569 0.031245098039215713
11 0.21437499999999998 0.954375 0.04870689655172414 0.04120689655172416
05 0.541875 0.291875 0.053728448275861984 0.043728448275862086
01 0.17875000000000002 0.379375 0.02488636363636368 0.023636363636363622
03 0.413125 0.419375 0.10373579545454548 0.058735795454545436
15 0.105625 0.14625 0.07121951219512195 0.024969512195121946
