14 0.23312500000000003 0.15625 0.021233552631578972 0.04748355263157897
12 0.441875 0.06625 0.02624161073825504 0.042491610738255046
02 0.28125 0.62625 0.019956896551724168 0.01745689655172411
10 0.71625 0.70875 0.02249444444444426 0.02499444444444432
15 0.1375 0.7481249999999999 0.034988095238095235 0.013738095238095105
07 0.553125 0.6275 0.036242977528089915 0.07749297752808981
20 0.361875 0.27 0.02374509803921565 0.02499509803921568
12 0.9081250000000001 0.22875 0.04620689655172405 0.03745689655172413
12 0.34875 0.84625 0.04497844827586206 0.04247844827586211
15 0.868125 0.9325 0.02363636363636379 0.022386363636363704
09 0.75875 0.05437144886363636 0.02248579545454532 0.031242897727272727
10 0.314375 0.853125 0.03621951219512198 0.033719512195121926
