09 0.7725 0.08499999999999999 0.03498355263157893 0.029983552631578952
13 0.861875 0.161875 0.03374161073825499 0.09124161073825504
12 0.37625 0.8425 0.06495689655172415 0.03745689655172413
00 0.715625 0.18125 0.021244444444444288 0.014994444444444421
03 0.025625 0.7925 0.04123809523809523 0.04748809523809516
14 0.029375 0.58875 0.033742977528089885 0.057492977528089906
12 0.765625 0.48250000000000004 0.04124509803921561 0.03999509803921569
12 0.8474999999999999 0.32375 0.04245689655172413 0.03995689655172413
13 0.881875 0.195 0.06872844827586222 0.05497844827586207
20 0.11937500000000001 0.86 0.031136363636363643 0.019886363636363757
06 0.776875 0.966875 0.008735795454545281 0.0287357954545453
20 0.8425 0.48812500000000003 0.024969512195122 0.023719512195121972
14 0.328125 0.67125 0.03123214285714282 0.0374821428571428
16 0.19875 0.276875 0.044987500000000014 0.028737500000000027
