10 0.1825 0.459375 0.02998355263157898 0.026233552631578894
13 0.166875 0.56 0.02624161073825504 0.06249161073825504
18 0.0325 0.11875 0.01995689655172414 0.022456896551724115
00 0.40375 0.43125 0.029994444444444546 0.03249444444444449
11 0.609375 0.97875 0.031238095238095287 0.027488095238095145
03 0.598125 0.41000000000000003 0.028742977528089853 0.04749297752808984
12 0.878125 0.1975 0.031245098039215713 0.0449950980392157
02 0.68125 0.2125 0.03249999999999997 0.024956896551724117
10 0.780625 0.13 0.03122844827586224 0.034978448275862065
04 0.46125 0.459375 0.027386363636363598 0.023636363636363622
05 0.628125 0.684375 0.03873579545454542 0.0187357954545454
