09 0.414375 0.199375 0.051233552631578916 0.04123355263157896
15 0.816875 0.74875 0.018741610738254977 0.02999161073825496
01 0.7518750000000001 0.85375 0.0337068965517241 0.03495689655172418
20 0.72875 0.96 0.027494444444444266 0.022494444444444373
16 0.156875 0.905625 0.028738095238095257 0.0562380952380952
08 0.596875 0.79875 0.028742977528089853 0.02749297752808988
15 0.145625 0.555625 0.03624509803921569 0.011245098039215695
03 0.2525 0.704375 0.06495689655172412 0.026206896551724146
11 0.16062500000000002 0.7012499999999999 0.031228448275862047 0.02747844827586221
17 0.76 0.1275 0.039886363636363775 0.032386363636363616
03 0.295 0.3075 0.019985795454545485 0.04498579545454551
06 0.395 0.934375 0.05996951219512198 0.08121951219512191
01 0.16749999999999998 0.10125 0.02498214285714284 0.01998214285714288
19 0.15125 0.5843750000000001 0.03748750000000001 0.036237500000000034
