14 0.9081250000000001 0.22312500000000002 0.031233552631578898 0.026233552631578977
00 0.95875 0.534375 0.024991610738254844 0.018741610738255088
14 0.455625 0.85125 0.02120689655172414 0.02745689655172412
09 0.8968750000000001 0.238125 0.02874444444444435 0.028744444444444406
04 0.836875 0.39375000000000004 0.02623809523809506 0.01998809523809525
09 0.43125 0.68625 0.01249297752808981 0.029992977528089826
10 0.30625 0.6581250000000001 0.022495098039215733 0.018745098039215757
11 0.43125 0.5075000000000001 0.024956896551724117 0.019956896551724168
16 0.60625 0.3225 0.032478448275862104 0.0274784482758621
20 0.0875 0.23875000000000002 0.009886363636363624 0.009886363636363665
01 0.12687500000000002 0.24375 0.018735795454545484 0.01998579545454543
