08 0.27249999999999996 0.8425 0.042483552631578936 0.02498355263157892
03 0.16 0.2425 0.04749161073825503 0.01999161073825506
00 0.83375 0.6443749999999999 0.02745689655172412 0.03120689655172415
02 0.7625 0.49124999999999996 0.037494444444444386 0.034994444444444495
03 0.379375 0.22875 0.031238095238095287 0.044988095238095244
19 0.4475 0.105 0.01749297752808987 0.03999297752808989
01 0.69125 0.25625 0.017495098039215673 0.012495098039215724
06 0.07436422413793103 0.716875 0.05872844827586207 0.08870689655172415
12 0.32375 0.6481250000000001 0.03747844827586205 0.04122844827586214
08 0.343125 0.544375 0.04113636363636358 0.0486363636363637
00 0.241875 0.545625 0.026235795454545463 0.026235795454545463
