14 0.555625 0.073125 0.033733552631578845 0.04873355263157894
20 0.09062500000000001 0.785625 0.036241610738255034 0.038741610738254884
03 0.2025 0.86625 0.04495689655172411 0.07245689655172416
13 0.76125 0.39437500000000003 0.08999444444444438 0.1387444444444445
04 0.37124999999999997 0.101875 0.03998809523809527 0.03623809523809522
14 0.08625 0.450625 0.027492977528089893 0.04624297752808981
13 0.905 0.426875 0.034995098039215744 0.0162450980392157
10 0.40437500000000004 0.766875 0.03370689655172415 0.026206896551724146
10 0.08124999999999999 0.1075 0.02997844827586206 0.022478448275862067
18 0.195625 0.31999999999999995 0.02613636363636368 0.0298863636363636
11 0.694375 0.030000000000000006 0.041235795454545365 0.022485795454545463
18 0.081875 0.39937500000000004 0.02871951219512195 0.028719512195121977
