14 0.5925 0.1975 0.03248355263157887 0.027483552631578978
09 0.865625 0.79375 0.056241610738254844 0.03999161073825486
16 0.49875 0.604375 0.04245689655172408 0.04370689655172422
04 0.561875 0.8625 0.026244444444444515 0.029994444444444324
18 0.16312500000000002 0.21375 0.018738095238095248 0.019988095238095277
20 0.057499999999999996 0.700625 0.01749297752808989 0.016242977528089786
02 0.73 0.18375 0.024995098039215735 0.032495098039215686
07 0.88375 0.135625 0.00995689655172416 0.03870689655172414
13 0.24562499999999998 0.299375 0.06622844827586205 0.028728448275862073
04 0.369375 0.20500000000000002 0.02863636363636357 0.02738636363636368
03 0.063125 0.7475 0.023735795454545454 0.04248579545454534
