06 0.52125 0.21250000000000002 0.0625 0.089983552631579
14 0.485 0.6412499999999999 0.03249161073825507 0.04499161073825497
08 0.95875 0.686875 0.032456896551724124 0.0387068965517241
10 0.8575 0.794375 0.04499444444444434 0.02874444444444435
07 0.14875 0.07375 0.15498809523809526 0.11748809523809524
02 0.7875 0.22875 0.07249297752808981 0.05749297752808982
14 0.24375000000000002 0.2825 0.04749509803921573 0.029995098039215684
03 0.41625 0.058124999999999996 0.034956896551724126 0.033706896551724146
01 0.89375 0.511875 0.03747844827586222 0.02622844827586207
15 0.489375 0.7093750000000001 0.05363636363636354 0.04613636363636375
06 0.190625 0.951875 0.03373579545454547 0.021235795454545348
00 0.081875 0.286875 0.038719512195121944 0.026219512195121975
