05 0.741875 0.975625 0.04623355263157891 0.04123355263157891
02 0.1075 0.19687500000000002 0.032491610738255045 0.06874161073825505
14 0.08687500000000001 0.036250000000000004 0.031206896551724136 0.02745689655172414
11 0.5375 0.60875 0.04999444444444445 0.039994444444444444
15 0.75 0.181875 0.07748809523809519 0.10123809523809524
07 0.788125 0.415625 0.08624297752808985 0.07124297752808989
16 0.968125 0.9375 0.04874509803921567 0.06499509803921577
20 0.72 0.8574999999999999 0.02745689655172412 0.022456896551724115
06 0.48624999999999996 0.7068749999999999 0.06997844827586203 0.09872844827586225
08 0.346875 0.6637500000000001 0.0636363636363636 0.019886363636363646
06 0.818125 0.16 0.07873579545454534 0.019985795454545485
09 0.606875 0.042499999999999996 0.09121951219512192 0.04746951219512194
