10 0.09937499999999999 0.6681250000000001 0.02123355263157893 0.02123355263157889
17 0.4125 0.75125 0.022491610738255063 0.022491610738254897
14 0.70375 0.27812499999999996 0.019956896551724057 0.013706896551724135
03 0.195 0.795625 0.03249444444444444 0.026244444444444404
03 0.138125 0.7987500000000001 0.016238095238095218 0.02248809523809514
01 0.1775 0.7381249999999999 0.019992977528089845 0.01374297752808984
01 0.690625 0.91625 0.0162450980392157 0.00999509803921561
15 0.90875 0.14500000000000002 0.022456896551724115 0.017456896551724138
03 0.65875 0.4137446120689655 0.02747844827586221 0.009989224137931019
01 0.96375 0.1325 0.012386363636363695 0.009886363636363638
03 0.73375 0.926875 0.007485795454545308 0.031235795454545245
20 0.780625 0.885625 0.008719512195122014 0.011219512195121961
06 0.11187053571428571 0.195 0.016241071428571438 0.06248214285714282
08 0.85125 0.8143750000000001 0.0324875 0.016237500000000016
