07 0.7975 0.578125 0.027483552631578867 0.016233552631578885
17 0.38875000000000004 0.74625 0.03249161073825507 0.032491610738254906
10 0.840625 0.45625 0.023706896551724088 0.01745689655172411
15 0.16125 0.7775 0.032494444444444465 0.012494444444444364
20 0.268125 0.82375 0.033738095238095234 0.027488095238095145
03 0.21625 0.5349999999999999 0.03499297752808983 0.05499297752808985
16 0.1725 0.42625 0.04499509803921567 0.032495098039215686
00 0.280625 0.7725 0.0387068965517241 0.02495689655172406
20 0.06937499999999999 0.6975 0.02122844827586206 0.0174784482758622
03 0.1825 0.653125 0.03238636363636366 0.04113636363636364
15 0.7175 0.44 0.037485795454545334 0.05748579545454546
11 0.559375 0.5875 0.026219512195121975 0.03246951219512195
