01 0.678125 0.848125 0.023733552631578947 0.016233552631578885
16 0.15437499999999998 0.768125 0.04624161073825503 0.028741610738254875
01 0.3225 0.37124999999999997 0.014956896551724164 0.017456896551724166
07 0.84125 0.89625 0.11749444444444446 0.06999444444444436
20 0.691875 0.903125 0.03373809523809512 0.031238095238095176
09 0.2425 0.463125 0.032492977528089856 0.023742977528089848
06 0.53125 0.201875 0.11999509803921571 0.018745098039215702
06 0.49 0.284375 0.014956896551724164 0.03120689655172415
15 0.32375 0.27437500000000004 0.02247844827586204 0.016228448275862062
01 0.2975 0.77875 0.019886363636363646 0.0173863636363637
05 0.50125 0.905 0.03248579545454544 0.029985795454545272
10 0.590625 0.0975 0.023719512195122028 0.024969512195121946
20 0.276875 0.4075 0.023732142857142813 0.017482142857142835
00 0.51125 0.9425 0.02498749999999994 0.019987500000000047
