20 0.986875 0.91625 0.018733552631578942 0.014983552631578911
11 0.8175 0.188125 0.024991610738254844 0.021241610738255062
10 0.663125 0.041874999999999996 0.016206896551724137 0.013706896551724142
13 0.21500138888888887 0.40125 0.10249722222222221 0.019994444444444537
04 0.215625 0.036875000000000005 0.03123809523809526 0.028738095238095236
08 0.806875 0.185 0.011242977528089781 0.03499297752808983
10 0.60125 0.10062499999999999 0.027495098039215682 0.028745098039215697
01 0.645625 0.05375 0.0387068965517241 0.03745689655172414
04 0.95875 0.301875 0.02747844827586221 0.021228448275862066
03 0.213125 0.11437499999999999 0.03363636363636366 0.06113636363636363
14 0.86375 0.9768749999999999 0.03248579545454533 0.02623579545454524
14 0.881875 0.330625 0.03871951219512193 0.026219512195121975
