15 0.2425 0.7987500000000001 0.039983552631578934 0.019983552631578916
13 0.18375 0.44437499999999996 0.08749161073825507 0.016241610738255086
10 0.754375 0.126875 0.02120689655172414 0.018706896551724125
11 0.421875 0.27749999999999997 0.033744444444444466 0.027494444444444432
20 0.606875 0.67625 0.016238095238095274 0.012488095238095132
00 0.6725 0.0575 0.03249297752808977 0.029992977528089895
13 0.763125 0.150625 0.04124509803921572 0.03374509803921569
01 0.9337500000000001 0.33875 0.029956896551724177 0.032456896551724124
03 0.14375 0.0475 0.029978448275862074 0.034978448275862065
10 0.7350000000000001 0.379375 0.024886363636363762 0.016136363636363615
10 0.983125 0.401875 0.01873579545454529 0.016235795454545454
02 0.871875 0.700625 0.026219512195121975 0.023719512195122028
