20 0.073125 0.26875 0.01623355263157894 0.012483552631578965
00 0.7525 0.27625 0.024991610738254955 0.01999161073825506
02 0.9724999999999999 0.1375 0.029956896551724177 0.027456896551724133
04 0.80125 0.091875 0.02499444444444432 0.023744444444444457
10 0.9593750000000001 0.205625 0.021238095238095167 0.021238095238095278
20 0.568125 0.11 0.023742977528089848 0.017492977528089898
13 0.5956250000000001 0.7737499999999999 0.046245098039215615 0.042495098039215695
15 0.26125 0.5375000000000001 0.04745689655172411 0.032456896551724124
04 0.12 0.763125 0.03247844827586205 0.021228448275862122
00 0.042499999999999996 0.29500000000000004 0.03238636363636363 0.03238636363636366
18 0.16375 0.031249999999999997 0.019985795454545457 0.022485795454545453
11 0.420625 0.8049999999999999 0.03121951219512198 0.027469512195121948
02 0.11624999999999999 0.14875 0.052482142857142866 0.03248214285714285
