15 0.178125 0.55875 0.05123355263157897 0.04498355263157894
03 0.551875 0.52375 0.018741610738254977 0.05999161073825504
12 0.11875 0.18562499999999998 0.04745689655172412 0.09370689655172412
15 0.4 0.82125 0.027494444444444488 0.05249444444444429
18 0.44625000000000004 0.8162499999999999 0.022488095238095307 0.024988095238095087
01 0.34750000000000003 0.77625 0.017492977528089815 0.012492977528089755
00 0.48875 0.10625 0.0499950980392157 0.03749509803921569
18 0.754375 0.289375 0.0237068965517242 0.026206896551724146
10 0.565 0.9125000000000001 0.02747844827586199 0.02747844827586221
04 0.935625 0.661875 0.04113636363636375 0.033636363636363686
18 0.840625 0.91875 0.023735795454545294 0.027485795454545325
