13 0.7831250000000001 0.22875 0.02873355263157895 0.13748355263157896
11 0.49875 0.19624999999999998 0.05499161073825509 0.03749161073825505
07 0.29001077586206897 0.433125 0.04497844827586206 0.05870689655172412
03 0.3 0.6737500000000001 0.039994444444444444 0.047494444444444395
03 0.6225 0.11500000000000002 0.03998809523809521 0.09248809523809526
06 0.21625 0.5562499999999999 0.052492977528089846 0.1399929775280898
14 0.43125 0.26625 0.03499509803921569 0.027495098039215682
02 0.26687500000000003 0.908125 0.043706896551724134 0.0387068965517241
00 0.590625 0.253125 0.061228448275862046 0.04872844827586206
01 0.6737500000000001 0.95875 0.04988636363636367 0.03238636363636371
03 0.635 0.834375 0.06748579545454547 0.048735795454545316
