14 0.833125 0.5931249999999999 0.023733552631578947 0.08373355263157889
11 0.7125 0.830625 0.04499161073825486 0.02374161073825498
04 0.166875 0.231875 0.046206896551724136 0.04870689655172411
11 0.775 0.259375 0.04499444444444434 0.028744444444444406
03 0.22625 0.49624999999999997 0.04998809523809525 0.059988095238095285
14 0.2575 0.2 0.05749297752808982 0.04749297752808987
04 0.22062500000000002 0.215 0.03624509803921569 0.032495098039215686
05 0.566875 0.16123922413793101 0.04870689655172411 0.029978448275862074
08 0.233125 0.9425 0.05372844827586204 0.06747844827586214
04 0.834375 0.9181250000000001 0.043636363636363695 0.028636363636363682
