06 0.88125 0.956875 0.057483552631578894 0.05623355263157892
06 0.469375 0.63375 0.018741610738255032 0.012491610738254999
04 0.5862499999999999 0.7893749999999999 0.029956896551724177 0.023706896551724088
12 0.9425 0.401875 0.027494444444444266 0.03374444444444452
00 0.6381249999999999 0.7 0.02623809523809517 0.027488095238095145
01 0.031875 0.019375 0.02374297752808989 0.02374297752808989
11 0.66625 0.81625 0.027495098039215682 0.024995098039215735
11 0.84375 0.495 0.02745689655172412 0.024956896551724173
09 0.91875 0.55375 0.02747844827586221 0.022478448275862095
14 0.859375 0.654375 0.018636363636363784 0.03613636363636363
03 0.7424999999999999 0.615625 0.07748579545454526 0.058735795454545325
15 0.48 0.760625 0.03246951219512201 0.016219512195122077
03 0.8131250000000001 0.294375 0.03123214285714282 0.03873214285714288
11 0.360625 0.933125 0.023737500000000022 0.018737500000000074
