06 0.7775000000000001 0.368125 0.019983552631578916 0.031233552631578898
15 0.48812500000000003 0.544375 0.023741610738255037 0.01624161073825514
15 0.15625 0.13625 0.054956896551724144 0.027456896551724133
11 0.6025 0.9368749999999999 0.027494444444444488 0.01874444444444434
15 0.3593779761904762 0.356875 0.0437440476190476 0.03623809523809529
00 0.888125 0.141875 0.023742977528089848 0.023742977528089904
17 0.6812499999999999 0.701875 0.032495098039215686 0.028745098039215655
01 0.79 0.663125 0.019956896551724168 0.01370689655172408
06 0.586875 0.381875 0.026228448275862015 0.008728448275862055
03 0.919375 0.655625 0.04613636363636375 0.02113636363636373
