12 0.04625 0.5525 0.05498355263157895 0.09248355263157881
11 0.523125 0.61 0.04624161073825506 0.04749161073825503
00 0.44125000000000003 0.9625 0.04745689655172408 0.03745689655172413
01 0.4425 0.46125000000000005 0.03249444444444449 0.02999444444444449
18 0.45875 0.306875 0.027488095238095256 0.028738095238095285
01 0.08937500000000001 0.27875 0.04624297752808988 0.04499297752808984
18 0.575625 0.806875 0.031245098039215713 0.03374509803921577
03 0.20124999999999998 0.5325 0.06245689655172412 0.04495689655172408
13 0.40625 0.265 0.12997844827586202 0.14497844827586207
08 0.3475 0.29559659090909096 0.0848863636363636 0.04119318181818182
06 0.484375 0.5393749999999999 0.026235795454545463 0.033735795454545525
