06 0.18000411184210524 0.49812500000000004 0.017491776315789492 0.02623355263157895
05 0.19125 0.144375 0.01749161073825506 0.03624161073825505
16 0.750625 0.535625 0.0237068965517242 0.04120689655172416
20 0.116875 0.34625 0.02374444444444447 0.02499444444444454
03 0.33187500000000003 0.275625 0.02373809523809528 0.026238095238095283
19 0.454375 0.33625 0.0187429775280899 0.03499297752808983
14 0.7893749999999999 0.521875 0.018745098039215757 0.018745098039215646
03 0.04 0.052500000000000005 0.03245689655172414 0.04245689655172414
11 0.29000000000000004 0.97125 0.02247844827586204 0.01997844827586215
01 0.42 0.7175 0.022386363636363593 0.024886363636363762
