07 0.850625 0.9237500000000001 0.02873355263157895 0.03248355263157887
18 0.983125 0.649375 0.013741610738254861 0.01624161073825492
05 0.48375 0.51875 0.01745689655172411 0.02745689655172412
02 0.484375 0.813125 0.05374444444444454 0.04124444444444442
03 0.7931250000000001 0.553125 0.023738095238095114 0.04373809523809524
03 0.236875 0.135625 0.021242977528089846 0.028742977528089894
03 0.299375 0.4475 0.02374509803921565 0.019995098039215675
04 0.39875000000000005 0.9156249999999999 0.024956896551724117 0.023706896551724088
16 0.66875 0.156875 0.032478448275862215 0.03372844827586205
18 0.11249999999999999 0.629375 0.01738636363636363 0.02113636363636362
18 0.8575 0.45875 0.017485795454545316 0.019985795454545485
12 0.6131249999999999 0.8925 0.03871951219512193 0.019969512195121997
06 0.170625 0.320625 0.05373214285714284 0.0737321428571428
