09 0.058124999999999996 0.429375 0.031233552631578954 0.05373355263157886
03 0.880625 0.549375 0.018741610738254977 0.028741610738255097
00 0.33999999999999997 0.626875 0.04745689655172408 0.036206896551724155
10 0.219375 0.920625 0.021244444444444427 0.01874444444444434
03 0.256875 0.635 0.04373809523809527 0.11498809523809517
20 0.235 0.22999999999999998 0.022492977528089847 0.017492977528089843
06 0.660625 0.641875 0.028745098039215655 0.14374509803921565
04 0.496875 0.86625 0.04120689655172416 0.032456896551724124
09 0.170625 0.41625 0.03872844827586208 0.03497844827586205
18 0.14375 0.093125 0.024886363636363623 0.028636363636363626
01 0.9450000000000001 0.219375 0.019985795454545374 0.021235795454545486
07 0.4075 0.1675 0.05496951219512197 0.022469512195121943
03 0.483125 0.8125 0.038732142857142826 0.06748214285714282
