18 0.596875 0.701875 0.018733552631578942 0.02123355263157889
04 0.640625 0.681875 0.021241610738255035 0.013741610738254861
13 0.455625 0.803125 0.03120689655172415 0.046206896551724164
02 0.89 0.626875 0.019994444444444426 0.033744444444444355
07 0.8006279761904762 0.9762500000000001 0.028744047619047475 0.012488095238095132
16 0.385625 0.73875 0.03624297752808986 0.02499297752808982
14 0.9550000000000001 0.650625 0.022495098039215677 0.03624509803921572
11 0.6575 0.7325 0.02745689655172412 0.01745689655172411
04 0.46499999999999997 0.509375 0.024978448275862097 0.018728448275862064
18 0.11624999999999999 0.87375 0.012386363636363626 0.014886363636363753
05 0.523125 0.473125 0.031235795454545467 0.018735795454545456
03 0.63375 0.641875 0.027469512195121948 0.051219512195122
