00 0.9475 0.6375 0.03498355263157893 0.022483552631578863
05 0.6912499999999999 0.03375 0.034991610738254963 0.03499161073825503
14 0.6543749999999999 0.5487500000000001 0.04620689655172405 0.049956896551724195
00 0.92875 0.778125 0.03249444444444438 0.031244444444444297
08 0.6325 0.901875 0.03498809523809521 0.0562380952380952
14 0.27749999999999997 0.4475 0.0499929775280899 0.03499297752808983
18 0.9175 0.8574999999999999 0.022495098039215677 0.024995098039215624
15 0.566864224137931 0.375625 0.018728448275862064 0.03120689655172415
04 0.55375 0.65875 0.039978448275862055 0.03497844827586227
10 0.45687500000000003 0.22375 0.018636363636363618 0.017386363636363672
