16 0.958125 0.671875 0.051233552631578805 0.0362335526315789
06 0.358125 0.052500000000000005 0.06624161073825502 0.09499161073825504
00 0.85625 0.38 0.03495689655172407 0.03745689655172413
15 0.0975 0.899375 0.039994444444444444 0.02874444444444435
02 0.31375 0.21625 0.022488095238095307 0.029988095238095258
14 0.62125 0.755625 0.029992977528089826 0.05624297752808993
18 0.460625 0.656875 0.02374509803921565 0.02624509803921571
20 0.52875 0.32875 0.02495689655172406 0.019956896551724113
13 0.253125 0.836875 0.05622844827586204 0.08872844827586224
03 0.18375 0.838125 0.042386363636363666 0.028636363636363793
