06 0.38749999999999996 0.574375 0.01248355263157891 0.10873355263157891
01 0.12125 0.974375 0.014991610738255043 0.011241610738254915
20 0.31625000000000003 0.8668750000000001 0.02245689655172417 0.023706896551724088
02 0.720625 0.6275 0.023744444444444346 0.029994444444444435
11 0.84625 0.236875 0.024988095238095087 0.02373809523809528
11 0.70125 0.611875 0.02749297752808988 0.0212429775280899
13 0.410625 0.698125 0.10124509803921572 0.038745098039215664
05 0.891260775862069 0.49875 0.0274784482758621 0.014956896551724164
06 0.618125 0.7262500000000001 0.08622844827586218 0.049978448275862175
06 0.3187784090909091 0.43374999999999997 0.03744318181818185 0.06988636363636364
02 0.4225 0.16125 0.03248579545454544 0.009985795454545476
