03 0.0325 0.44625 0.05998355263157895 0.0624835526315789
06 0.2125 0.30125 0.01999161073825506 0.06749161073825505
10 0.599375 0.8225 0.03120689655172404 0.024956896551724173
10 0.09937499999999999 0.8325 0.036244444444444454 0.027494444444444377
09 0.130625 0.3825 0.051238095238095235 0.07498809523809524
04 0.8343750000000001 0.3675 0.043742977528089866 0.02749297752808988
02 0.8075 0.44562500000000005 0.05249509803921559 0.07124509803921569
04 0.528125 0.60625 0.043706896551724106 0.03495689655172407
13 0.875 0.789375 0.06497844827586219 0.1162284482758622
07 0.11624999999999999 0.93125 0.019886363636363633 0.12488636363636374
11 0.729375 0.6950000000000001 0.04623579545454537 0.04748579545454523
05 0.17375000000000002 0.270625 0.05996951219512195 0.03121951219512198
10 0.5449999999999999 0.575 0.0424821428571428 0.04498214285714275
13 0.101875 0.88375 0.06623749999999999 0.12498750000000003
