14 0.981875 0.70375 0.02123355263157889 0.03248355263157898
20 0.08875000000000001 0.13874999999999998 0.022491610738255036 0.022491610738255036
13 0.895 0.438125 0.01745689655172411 0.09370689655172415
06 0.7762500000000001 0.410625 0.05999444444444435 0.06124444444444449
08 0.458125 0.955625 0.018738095238095276 0.03623809523809507
10 0.123125 0.438125 0.02874297752808988 0.028742977528089853
06 0.20187622549019607 0.701875 0.028747549019607854 0.06874509803921569
15 0.16999999999999998 0.88 0.022456896551724143 0.039956896551724075
14 0.134375 0.396875 0.023728448275862055 0.031228448275862075
19 0.26125 0.09125 0.03738636363636366 0.027386363636363625
18 0.218125 0.11937500000000001 0.016235795454545482 0.01873579545454547
10 0.7362500000000001 0.2525 0.022469512195122054 0.019969512195121997
13 0.065 0.9256249999999999 0.04748214285714286 0.043732142857142775
03 0.464375 0.860625 0.026237500000000025 0.033737499999999976
