03 0.46875 0.48375 0.1849835526315789 0.06248355263157884
03 0.77875 0.7193750000000001 0.1574916107382549 0.08874161073825493
18 0.5700000000000001 0.375 0.04245689655172413 0.04495689655172408
20 0.775625 0.596875 0.04624444444444431 0.03124444444444452
13 0.3075 0.825625 0.14498809523809528 0.19373809523809504
03 0.7518750000000001 0.71625 0.10874297752808981 0.0674929775280898
14 0.556875 0.224375 0.12874509803921574 0.07124509803921572
08 0.8 0.718125 0.022456896551724115 0.05120689655172406
04 0.651875 0.289375 0.06872844827586222 0.053728448275862095
02 0.39875000000000005 0.874375 0.01988636363636359 0.04113636363636375
07 0.605 0.68625 0.08998579545454533 0.05748579545454535
15 0.696875 0.424375 0.05371951219512194 0.08371951219512197
