11 0.489375 0.344375 0.02123355263157889 0.018733552631578887
08 0.87875 0.286875 0.012491610738254888 0.023741610738255037
16 0.059375 0.719375 0.023706896551724144 0.026206896551724146
12 0.2375 0.405625 0.019994444444444426 0.023744444444444512
12 0.791875 0.7575000000000001 0.02623809523809517 0.029988095238095203
08 0.41187675561797754 0.05375 0.02374648876404495 0.017492977528089884
05 0.731875 0.2125 0.018745098039215757 0.027495098039215682
20 0.77125 0.27625 0.009956896551724048 0.012456896551724106
07 0.46062499999999995 0.27625 0.011228448275862057 0.0274784482758621
06 0.4625 0.40625 0.06738636363636358 0.05238636363636362
