01 0.15000000000000002 0.484375 0.024983552631578948 0.02123355263157889
15 0.6299999999999999 0.599375 0.034991610738254963 0.03624161073825505
00 0.176875 0.94625 0.02870689655172412 0.022456896551724115
08 0.1787513888888889 0.7825 0.019997222222222222 0.019994444444444315
20 0.39249999999999996 0.4125 0.01998809523809525 0.022488095238095307
07 0.8206267556179776 0.14875 0.03374648876404496 0.022492977528089875
20 0.234375 0.609375 0.023745098039215706 0.018745098039215646
12 0.8475 0.3075 0.03745689655172413 0.034956896551724126
01 0.495 0.94625 0.01747844827586209 0.012478448275862197
03 0.90625 0.08499999999999999 0.03738636363636383 0.01738636363636363
