13 0.64375 0.725625 0.039983552631578934 0.07373355263157888
12 0.884375 0.8668750000000001 0.031241610738254932 0.03124161073825482
03 0.7362500000000001 0.849375 0.05495689655172409 0.04120689655172405
12 0.279375 0.55625 0.026244444444444404 0.029994444444444435
20 0.22875 0.593125 0.019988095238095277 0.013738095238095216
00 0.46499999999999997 0.590625 0.024992977528089877 0.018742977528089844
00 0.04875 0.35250000000000004 0.01999509803921569 0.01749509803921573
03 0.900625 0.393125 0.0237068965517242 0.011206896551724133
11 0.931875 0.728125 0.02372844827586218 0.02372844827586218
14 0.5543750000000001 0.15875 0.023636363636363567 0.04238636363636364
06 0.12312500000000001 0.6575 0.023735795454545475 0.034985795454545277
