06 0.94875 0.561875 0.009983552631578907 0.07873355263157888
06 0.111875 0.09375 0.02624161073825504 0.07999161073825505
06 0.059375000000000004 0.47 0.013706896551724149 0.10745689655172413
18 0.21625 0.7825 0.017494444444444424 0.019994444444444315
03 0.343125 0.27749999999999997 0.008738095238095267 0.032488095238095316
19 0.37 0.028749999999999998 0.02749297752808988 0.019992977528089886
16 0.45687500000000003 0.495625 0.031245098039215657 0.033745098039215715
00 0.51625 0.46562499999999996 0.02745689655172412 0.01870689655172414
20 0.7831250000000001 0.774375 0.01622844827586223 0.01622844827586223
03 0.62875 0.46187500000000004 0.01738636363636359 0.07113636363636361
05 0.2925 0.753125 0.022485795454545487 0.021235795454545348
