02 0.549375 0.5787500000000001 0.031233552631578898 0.029983552631578925
16 0.92625 0.753125 0.03999161073825497 0.03124161073825482
19 0.5725 0.785625 0.032456896551724124 0.0237068965517242
20 0.068125 0.084375 0.02624444444444446 0.02624444444444446
03 0.49125 0.095625 0.02498809523809531 0.026238095238095227
10 0.798125 0.185 0.0212429775280899 0.019992977528089872
00 0.52875 0.656875 0.017495098039215784 0.018745098039215646
08 0.268125 0.043125000000000004 0.036206896551724155 0.03120689655172414
10 0.5125 0.18375000000000002 0.01747844827586198 0.01497844827586206
10 0.719375 0.185 0.02113636363636373 0.01488636363636367
04 0.885 0.31062500000000004 0.019985795454545263 0.02373579545454546
02 0.025625 0.885 0.02121951219512195 0.022469512195121943
