02 0.775625 0.12125 0.02123355263157889 0.04498355263157894
03 0.7025 0.871875 0.02999161073825496 0.03374161073825499
18 0.5081249999999999 0.926875 0.023706896551724088 0.026206896551724146
01 0.42375 0.591875 0.0374944444444445 0.026244444444444515
10 0.251875 0.348125 0.026238095238095283 0.021238095238095278
11 0.326875 0.74875 0.03624297752808986 0.03749297752808989
18 0.9156249999999999 0.09937499999999999 0.02374509803921565 0.026245098039215695
08 0.5125 0.4425 0.032456896551724124 0.057456896551724146
00 0.45875 0.396875 0.039978448275862055 0.02622844827586207
04 0.0375 0.11875 0.039886363636363636 0.034886363636363646
20 0.865 0.834375 0.02248579545454532 0.01873579545454529
19 0.478125 0.405 0.02121951219512197 0.03746951219512201
12 0.6675 0.03625 0.029982142857142846 0.05248214285714285
