04 0.685625 0.72375 0.026233552631578894 0.027483552631578867
04 0.66875 0.011875 0.017491610738254892 0.013741610738255035
18 0.80875 0.7775 0.014956896551724164 0.01745689655172411
03 0.32375 0.10875 0.017494444444444424 0.024994444444444458
20 0.663125 0.9056249999999999 0.01873809523809511 0.013738095238095105
03 0.333125 0.28375 0.043742977528089866 0.02499297752808982
11 0.708125 0.27812499999999996 0.02624509803921571 0.018745098039215702
08 0.5718749999999999 0.97 0.0337068965517241 0.019956896551724168
03 0.046875 0.2 0.011228448275862057 0.017478448275862063
07 0.055 0.059375 0.04738636363636363 0.03863636363636363
