02 0.79125 0.31875 0.047483552631578885 0.022483552631578974
13 0.5318750000000001 0.754375 0.031241610738255043 0.04124161073825494
08 0.07874999999999999 0.298125 0.02495689655172413 0.01870689655172414
03 0.56 0.30062500000000003 0.014994444444444421 0.03624444444444447
07 0.7224970238095237 0.190625 0.06499404761904759 0.028738095238095257
04 0.74 0.09687499999999999 0.022492977528089764 0.02374297752808989
06 0.458125 0.48124999999999996 0.046245098039215726 0.054995098039215706
06 0.045 0.3575 0.07995689655172414 0.012456896551724106
11 0.4525 0.720625 0.03747844827586205 0.02372844827586218
15 0.39437500000000003 0.9855965909090909 0.01613636363636356 0.011193181818181852
19 0.45125000000000004 0.40312499999999996 0.032485795454545496 0.03373579545454547
11 0.5875 0.569375 0.022469512195121943 0.018719512195121912
13 0.06875 0.86 0.049982142857142864 0.02498214285714284
