14 0.541875 0.057499999999999996 0.023733552631578947 0.029983552631578952
06 0.42625 0.854375 0.03499161073825502 0.08374161073825492
04 0.284375 0.15875 0.026206896551724146 0.024956896551724117
02 0.14875 0.665625 0.01749444444444445 0.0362444444444443
08 0.030000000000000002 0.101875 0.012488095238095236 0.041238095238095226
15 0.405625 0.406875 0.0062429775280898325 0.018742977528089844
06 0.711875 0.105625 0.03374509803921566 0.06874509803921569
09 0.12875 0.105625 0.027456896551724133 0.021206896551724128
07 0.431875 0.75375 0.03622844827586208 0.04497844827586217
13 0.88125 0.200625 0.029886363636363766 0.04613636363636367
