04 0.9762500000000001 0.2425 0.027483552631578978 0.019983552631579
01 0.07 0.585 0.03999161073825503 0.02999161073825507
03 0.153125 0.28625 0.03620689655172413 0.02745689655172412
03 0.393125 0.46125 0.05124444444444454 0.047494444444444506
20 0.9099999999999999 0.300625 0.02248809523809514 0.016238095238095274
02 0.12375 0.46125000000000005 0.0649929775280899 0.052492977528089846
00 0.074375 0.669375 0.031245098039215685 0.028745098039215766
18 0.81375 0.204375 0.024956896551724173 0.028706896551724148
04 0.21250000000000002 0.933125 0.022478448275862067 0.02372844827586218
07 0.63625 0.34124999999999994 0.019886363636363646 0.14238636363636364
03 0.32625 0.37 0.05748579545454546 0.02498579545454549
