15 0.48625 0.11812500000000001 0.009983552631578907 0.01123355263157895
03 0.668125 0.21875 0.021241610738254924 0.01749161073825506
06 0.873125 0.53 0.0387068965517241 0.04745689655172414
15 0.45687500000000003 0.948125 0.021244444444444455 0.026244444444444293
15 0.169375 0.9056249999999999 0.026238095238095255 0.013738095238095105
15 0.68875 0.30000000000000004 0.039992977528089835 0.04749297752808984
01 0.058125 0.10062499999999999 0.02124509803921569 0.018745098039215688
14 0.68125 0.548125 0.024956896551724173 0.02120689655172414
14 0.203125 0.22999999999999998 0.018728448275862064 0.019978448275862065
16 0.80125 0.031875 0.02738636363636371 0.028636363636363633
12 0.23625000000000002 0.76125 0.024985795454545462 0.027485795454545325
03 0.109375 0.981875 0.013719512195121936 0.011219512195122072
06 0.3125 0.15499999999999997 0.07248214285714283 0.012482142857142858
