08 0.663125 0.373125 0.07123355263157893 0.0362335526315789
01 0.650625 0.599375 0.031241610738255043 0.0337416107382551
15 0.052500000000000005 0.809375 0.02245689655172415 0.04870689655172411
11 0.36 0.8175 0.05249444444444451 0.04249444444444439
03 0.95875 0.87375 0.052488095238095056 0.027488095238095145
10 0.849375 0.504375 0.05124297752808982 0.05124297752808987
18 0.23562499999999997 0.5449999999999999 0.03624509803921569 0.03999509803921575
19 0.638125 0.39875 0.036206896551724044 0.05495689655172409
12 0.623125 0.2 0.06372844827586222 0.06997844827586205
18 0.099375 0.068125 0.03363636363636363 0.03613636363636364
14 0.9525 0.474375 0.054985795454545405 0.03623579545454547
03 0.585 0.8106249999999999 0.05246951219512197 0.08121951219512191
06 0.34125 0.5093749999999999 0.11748214285714287 0.09373214285714282
