02 0.244375 0.209375 0.026233552631579005 0.03873355263157896
07 0.5431250000000001 0.170625 0.04124161073825505 0.07124161073825502
14 0.880625 0.02875 0.03120689655172404 0.02745689655172414
03 0.2018763888888889 0.20875 0.08124722222222219 0.029994444444444435
01 0.074375 0.2175 0.026238095238095227 0.02248809523809525
18 0.6331249999999999 0.73875 0.0212429775280899 0.022492977528089875
11 0.585 0.21687499999999998 0.03499509803921563 0.031245098039215685
03 0.2875 0.27187500000000003 0.052456896551724086 0.05370689655172414
14 0.11875 0.25625000000000003 0.01997844827586208 0.03497844827586208
11 0.426875 0.14875 0.023636363636363567 0.02238636363636362
