18 0.79375 0.4175 0.02498355263157892 0.027483552631578922
16 0.11875 0.6875 0.03749161073825506 0.059991610738254986
00 0.7987500000000001 0.09187499999999998 0.029956896551724177 0.028706896551724134
08 0.32375 0.711875 0.0399944444444445 0.04624444444444442
20 0.561875 0.80125 0.023738095238095225 0.024988095238095198
18 0.84875 0.3875 0.024992977528089932 0.02749297752808988
01 0.430625 0.463125 0.021245098039215704 0.018745098039215702
01 0.26187499999999997 0.5118750000000001 0.021206896551724086 0.02120689655172414
10 0.9381250000000001 0.308125 0.03872844827586219 0.03622844827586208
03 0.270625 0.89375 0.06613636363636366 0.04488636363636378
12 0.47750000000000004 0.5393749999999999 0.052485795454545514 0.06123579545454538
