13 0.33999999999999997 0.76 0.03248355263157893 0.09998355263157888
18 0.5193749999999999 0.0975 0.03374161073825499 0.03499161073825505
14 0.529375 0.404375 0.07120689655172413 0.03120689655172415
10 0.4375 0.878125 0.03499444444444455 0.03624444444444441
14 0.615625 0.7168749999999999 0.06873809523809515 0.06373809523809515
18 0.686875 0.648125 0.026242977528089906 0.028742977528089853
20 0.34375 0.7050000000000001 0.027495098039215682 0.024995098039215624
09 0.855625 0.57375 0.05620689655172417 0.039956896551724075
14 0.584375 0.19187500000000002 0.028728448275862073 0.031228448275862047
07 0.7831250000000001 0.433125 0.043636363636363806 0.03863636363636358
01 0.473125 0.474375 0.028735795454545465 0.028735795454545465
