15 0.84625 0.85625 0.03748355263157899 0.05248355263157889
10 0.36687499999999995 0.23249999999999998 0.043741610738255055 0.03999161073825505
10 0.739375 0.6131249999999999 0.04370689655172422 0.0337068965517241
03 0.199375 0.88 0.038744444444444415 0.04249444444444439
17 0.95 0.8875 0.06498809523809512 0.062488095238095176
03 0.231875 0.38375 0.07874297752808987 0.07499297752808987
11 0.110625 0.369375 0.05374509803921569 0.04124509803921572
13 0.61375 0.5543750000000001 0.057456896551724146 0.16370689655172416
04 0.523125 0.405625 0.058728448275862044 0.04622844827586209
19 0.888125 0.3325 0.03863636363636369 0.06488636363636363
04 0.41875 0.8843749999999999 0.05748579545454546 0.031235795454545356
