05 0.978125 0.796875 0.013733552631578938 0.02873355263157884
08 0.690625 0.32437290268456376 0.04374161073825489 0.026245805369127517
15 0.426239224137931 0.82875 0.04247844827586206 0.02745689655172412
10 0.861875 0.23375 0.026244444444444404 0.01749444444444445
02 0.575625 0.28812499999999996 0.07123809523809521 0.046238095238095245
11 0.940625 0.7737499999999999 0.026242977528089795 0.019992977528089928
14 0.70625 0.919375 0.014995098039215615 0.05874509803921579
03 0.144375 0.5925 0.02120689655172414 0.022456896551724115
04 0.196875 0.9575 0.02372844827586207 0.01997844827586226
03 0.749375 0.90125 0.02113636363636373 0.03238636363636371
