07 0.054375 0.813125 0.036233552631578944 0.0362335526315789
15 0.260625 0.38625 0.05874161073825501 0.027491610738255068
16 0.42000000000000004 0.42125 0.044956896551724135 0.02995689655172412
10 0.949375 0.535625 0.0212444444444444 0.02124444444444451
05 0.938125 0.125625 0.01873809523809511 0.03623809523809522
03 0.07250000000000001 0.805625 0.027492977528089893 0.016242977528089786
04 0.8487499999999999 0.47125 0.032495098039215686 0.017495098039215673
14 0.39875000000000005 0.06874999999999999 0.03995689655172413 0.024956896551724138
10 0.438125 0.6825 0.028728448275862073 0.02997844827586227
17 0.841875 0.77 0.03113636363636374 0.03238636363636371
11 0.226875 0.830625 0.03373579545454547 0.021235795454545348
05 0.025624999999999995 0.403125 0.033719512195121946 0.016219512195121966
03 0.37875000000000003 0.20500000000000002 0.024982142857142786 0.02998214285714282
