06 0.22062500000000002 0.9631208881578948 0.07623355263157897 0.03374177631578945
15 0.5025 0.18937500000000002 0.04999161073825509 0.013741610738255056
14 0.8456250000000001 0.380625 0.028706896551724204 0.013706896551724135
10 0.348125 0.9675 0.03374444444444452 0.022494444444444373
15 0.535625 0.1625 0.021238095238095278 0.03248809523809526
09 0.87375 0.900625 0.03499297752808983 0.03374297752808986
14 0.403125 0.173125 0.05374509803921568 0.041245098039215666
06 0.290625 0.32999999999999996 0.07120689655172413 0.06995689655172416
01 0.66625 0.9199999999999999 0.02747844827586221 0.024978448275862264
03 0.90125 0.565625 0.05238636363636373 0.051136363636363646
07 0.85625 0.750625 0.07998579545454532 0.10873579545454537
04 0.569375 0.1 0.03621951219512198 0.027469512195121934
18 0.7275 0.240625 0.02498214285714284 0.02623214285714287
20 0.6737500000000001 0.28125 0.03748750000000001 0.03748750000000001
