07 0.3493791118421053 0.03687088815789474 0.028741776315789447 0.038741776315789477
11 0.41812499999999997 0.13874999999999998 0.02874161073825504 0.022491610738255036
16 0.22875 0.9612499999999999 0.03745689655172413 0.029956896551724177
06 0.633125 0.094375 0.006244444444444497 0.10374444444444444
04 0.5487500000000001 0.7206250000000001 0.03498809523809532 0.02623809523809506
00 0.348125 0.671875 0.028742977528089853 0.0312429775280898
08 0.30625 0.6643749999999999 0.029995098039215684 0.036245098039215606
16 0.28375 0.115625 0.019956896551724168 0.04370689655172412
03 0.26749999999999996 0.28375 0.017478448275862035 0.04497844827586206
03 0.32749999999999996 0.15000000000000002 0.06738636363636363 0.03488636363636363
08 0.239375 0.721875 0.028735795454545437 0.051235795454545374
