07 0.75625 0.9275 0.017483552631578858 0.04998355263157883
08 0.339375 0.8143750000000001 0.01624161073825503 0.01624161073825492
04 0.429375 0.505625 0.02120689655172414 0.021206896551724197
12 0.451875 0.74625 0.028744444444444517 0.03249444444444438
12 0.71 0.9781249999999999 0.02998809523809509 0.03373809523809512
00 0.64125 0.38875 0.01749297752808987 0.01749297752808987
02 0.33375 0.043125 0.014995098039215726 0.04124509803921568
07 0.22062500000000002 0.53375 0.01870689655172411 0.04245689655172413
14 0.8625 0.599375 0.024978448275862264 0.02372844827586207
10 0.6200000000000001 0.845 0.022386363636363593 0.019886363636363757
15 0.08812500000000001 0.75875 0.03623579545454546 0.024985795454545268
