01 0.931875 0.573125 0.06623355263157893 0.05623355263157892
16 0.259375 0.495 0.08124161073825503 0.05749161073825504
20 0.70625 0.5331250000000001 0.04495689655172408 0.04120689655172416
13 0.8075 0.28937500000000005 0.15249444444444427 0.08124444444444448
06 0.73 0.494375 0.17248809523809516 0.09123809523809534
18 0.48062499999999997 0.374375 0.038742977528089806 0.041242977528089864
08 0.045 0.888125 0.03499509803921569 0.06624509803921563
20 0.91125 0.436875 0.04745689655172414 0.04620689655172411
10 0.139375 0.4125 0.06122844827586206 0.049978448275862064
04 0.221875 0.15875 0.05613636363636368 0.03488636363636366
08 0.8587499999999999 0.07 0.02248579545454532 0.10498579545454546
17 0.9475 0.34187500000000004 0.04246951219512196 0.06621951219512195
