04 0.34375 0.064375 0.019983552631578916 0.016233552631578947
08 0.795625 0.174375 0.01624161073825492 0.013741610738255028
18 0.621875 0.419375 0.01370689655172408 0.016206896551724137
14 0.43875 0.34562499999999996 0.03249444444444455 0.018744444444444508
04 0.295625 0.198125 0.018738095238095276 0.013738095238095271
13 0.53125 0.674375 0.05499297752808996 0.016242977528089786
02 0.3075 0.7125 0.007495098039215664 0.027495098039215682
03 0.10500000000000001 0.110625 0.014956896551724122 0.021206896551724128
18 0.99 0.20750000000000002 0.012478448275862197 0.01497844827586206
20 0.853125 0.029375 0.018636363636363784 0.021136363636363634
15 0.11000000000000001 0.09687144886363637 0.04998579545454547 0.023742897727272727
