16 0.28375 0.379375 0.057483552631579005 0.06623355263157887
10 0.92625 0.32062500000000005 0.04499161073825486 0.043741610738255055
13 0.8087500000000001 0.521875 0.17745689655172414 0.04620689655172411
11 0.831875 0.45687500000000003 0.04624444444444431 0.05374444444444454
03 0.39249999999999996 0.4125 0.03498809523809526 0.029988095238095258
18 0.7262500000000001 0.659375 0.03499297752808983 0.036242977528089804
20 0.234375 0.07999999999999999 0.018745098039215702 0.01999509803921569
03 0.4225 0.838125 0.034956896551724126 0.05870689655172412
10 0.8812500000000001 0.39937500000000004 0.039978448275862166 0.02622844827586207
08 0.20750000000000002 0.05499999999999999 0.029886363636363683 0.07738636363636363
20 0.26125 0.5025 0.047485795454545454 0.027485795454545436
07 0.760625 0.704375 0.013719512195121908 0.061219512195122006
