01 0.6543749999999999 0.098125 0.023733552631578836 0.018733552631578942
05 0.115625 0.1125 0.02374161073825505 0.03749161073825505
10 0.969375 0.338125 0.028706896551724093 0.01870689655172414
12 0.264375 0.8574999999999999 0.05874444444444443 0.04249444444444428
09 0.3975 0.834375 0.03248809523809526 0.04623809523809519
12 0.971875 0.735625 0.05124297752808993 0.06874297752808989
10 0.628125 0.780625 0.036245098039215606 0.03374509803921577
18 0.41125 0.02375 0.024956896551724173 0.027456896551724133
12 0.93125 0.46499999999999997 0.032478448275862215 0.034978448275862106
08 0.71375 0.1343465909090909 0.03488636363636366 0.04369318181818181
20 0.47875 0.959375 0.027485795454545436 0.01873579545454529
10 0.90375 0.578125 0.027469512195121948 0.028719512195122032
