03 0.15500000000000003 0.13687500000000002 0.042483552631578964 0.053733552631578946
17 0.956875 0.4525 0.031241610738254932 0.02999161073825507
03 0.42125 0.27937500000000004 0.03995689655172413 0.023706896551724144
11 0.631875 0.275625 0.04124444444444442 0.026244444444444404
06 0.834375 0.490625 0.016238095238095163 0.11373809523809525
11 0.31 0.180625 0.03499297752808983 0.03874297752808986
14 0.906875 0.306875 0.03374509803921577 0.031245098039215713
06 0.4125 0.63625 0.06995689655172416 0.07995689655172411
01 0.84625 0.240625 0.01997844827586215 0.021228448275862066
19 0.94875 0.06625 0.022386363636363704 0.04488636363636363
20 0.17625000000000002 0.570625 0.03498579545454547 0.031235795454545467
