14 0.056249999999999994 0.29312499999999997 0.04998355263157894 0.07373355263157894
14 0.49124999999999996 0.395625 0.05499161073825504 0.03874161073825505
03 0.345625 0.74875 0.05870689655172412 0.039956896551724075
15 0.129375 0.11499999999999999 0.04124444444444446 0.052494444444444455
15 0.6375 0.8262499999999999 0.04748809523809516 0.0824880952380952
07 0.4325 0.494375 0.08999297752808988 0.046242977528089924
14 0.838125 0.53125 0.05374509803921568 0.07749509803921573
14 0.55375 0.764375 0.05245689655172414 0.08370689655172414
11 0.469375 0.830625 0.058728448275862044 0.03872844827586219
03 0.391875 0.588125 0.07613636363636361 0.14863636363636368
12 0.556875 0.7025 0.08873579545454546 0.08748579545454538
07 0.46625 0.28875 0.06246951219512198 0.212469512195122
14 0.110625 0.92625 0.056232142857142856 0.03498214285714285
