00 0.17375000000000002 0.461875 0.052483552631578945 0.04123355263157891
15 0.143125 0.869375 0.06374161073825503 0.0587416107382549
15 0.8062499999999999 0.90625 0.05495689655172409 0.04245689655172402
06 0.830625 0.880625 0.1562444444444443 0.008744444444444444
05 0.88375 0.290625 0.037488095238095154 0.0487380952380953
09 0.6000000000000001 0.934375 0.07499297752808987 0.06624297752808983
11 0.459375 0.54 0.041245098039215666 0.03749509803921569
07 0.23562500000000003 0.44125000000000003 0.04870689655172414 0.07995689655172417
03 0.825625 0.17625000000000002 0.04372844827586231 0.09997844827586208
11 0.27875 0.4575 0.039886363636363664 0.047386363636363615
11 0.186875 0.420625 0.05623579545454546 0.04373579545454548
