03 0.798125 0.195 0.013733552631578938 0.014983552631578967
09 0.818125 0.31875 0.046241610738254835 0.027491610738255068
10 0.44375 0.12625 0.02245689655172417 0.017456896551724124
04 0.75875 0.391875 0.03499444444444433 0.03374444444444452
06 0.250625 0.711875 0.03373809523809529 0.13123809523809515
14 0.5275000000000001 0.043125 0.012492977528089866 0.04624297752808989
08 0.555625 0.5549999999999999 0.02374509803921565 0.024995098039215624
01 0.578125 0.91125 0.04120689655172405 0.02745689655172412
14 0.52875 0.8475 0.014978448275862033 0.03497844827586216
10 0.82125 0.69 0.03238636363636371 0.022386363636363815
15 0.48624999999999996 0.50375 0.022485795454545487 0.022485795454545487
04 0.23875 0.0625 0.02996951219512195 0.02996951219512195
01 0.040624999999999994 0.343125 0.028732142857142852 0.016232142857142806
18 0.29 0.838125 0.027487499999999998 0.028737500000000082
