13 0.79375 0.7268749999999999 0.07998355263157897 0.031233552631578898
13 0.9574979026845638 0.339375 0.029995805369127493 0.05124161073825506
14 0.315 0.43374999999999997 0.014956896551724164 0.02995689655172412
04 0.5075000000000001 0.490625 0.022494444444444484 0.016244444444444506
12 0.306875 0.603125 0.041238095238095296 0.04373809523809524
16 0.835625 0.4675 0.018742977528089844 0.034992977528089886
15 0.35375 0.083125 0.009995098039215722 0.023745098039215692
13 0.8381357758620689 0.538125 0.04622844827586203 0.10370689655172416
07 0.6650053879310345 0.30625 0.02748922413793109 0.014978448275862088
03 0.790625 0.6431250000000001 0.03113636363636374 0.011136363636363722
12 0.695 0.7618750000000001 0.017485795454545316 0.0337357954545453
