19 0.734375 0.059375 0.03873355263157885 0.031233552631578954
08 0.51875 0.863125 0.01999161073825506 0.04374161073825489
13 0.385625 0.463125 0.04870689655172411 0.05620689655172412
08 0.615 0.874375 0.03249444444444449 0.0212444444444444
02 0.5875 0.45625000000000004 0.019988095238095305 0.049988095238095276
20 0.489375 0.20625 0.031242977528089855 0.02499297752808985
19 0.11687499999999999 0.57125 0.02624509803921568 0.032495098039215686
20 0.845 0.27375 0.032456896551724124 0.022456896551724115
09 0.56625 0.278125 0.0274784482758621 0.02372844827586207
19 0.91875 0.496875 0.029886363636363655 0.023636363636363567
11 0.809375 0.318125 0.031235795454545356 0.028735795454545465
