03 0.869375 0.77875 0.023733552631578947 0.027483552631578978
18 0.013749999999999998 0.7250000000000001 0.014991610738255032 0.017491610738254892
04 0.441875 0.40812499999999996 0.02120689655172414 0.01870689655172414
07 0.21125 0.19 0.05499444444444443 0.039994444444444444
14 0.65625 0.32125000000000004 0.01498809523809519 0.01998809523809525
14 0.895625 0.6799999999999999 0.028742977528089853 0.01749297752808976
00 0.8999999999999999 0.09187500000000001 0.022495098039215677 0.018745098039215688
05 0.14250000000000002 0.5874999999999999 0.024956896551724145 0.019956896551724168
15 0.0325 0.319375 0.01997844827586207 0.01372844827586206
08 0.053750000000000006 0.43 0.027386363636363632 0.027386363636363598
09 0.404375 0.0575 0.01123579545454545 0.032485795454545455
01 0.44375 0.35250000000000004 0.01246951219512199 0.007469512195121986
