19 0.16125 0.25687499999999996 0.01998355263157897 0.031233552631578954
05 0.640625 0.9412499999999999 0.026241610738254928 0.024991610738254955
05 0.13375 0.36312500000000003 0.02245689655172413 0.028706896551724148
04 0.36375 0.23 0.027494444444444488 0.019994444444444426
10 0.6756249999999999 0.6793750000000001 0.021238095238095167 0.021238095238095167
09 0.33687500000000004 0.4125 0.021242977528089846 0.027492977528089824
12 0.15625 0.839375 0.029995098039215684 0.028745098039215655
19 0.39749999999999996 0.6737500000000001 0.02995689655172412 0.012456896551724106
11 0.052500000000000005 0.24625000000000002 0.022478448275862067 0.02497844827586207
12 0.6875 0.509375 0.03488636363636366 0.03613636363636363
00 0.9781249999999999 0.681875 0.023735795454545294 0.026235795454545352
