10 0.2475 0.34625 0.05998355263157895 0.039983552631578934
13 0.196875 0.313125 0.10624161073825505 0.11124161073825506
20 0.34875 0.48 0.03745689655172413 0.024956896551724117
04 0.949375 0.778125 0.043744444444444364 0.04624444444444442
18 0.39437500000000003 0.030625 0.036238095238095236 0.03873809523809524
20 0.569375 0.74625 0.04624297752808981 0.039992977528089835
10 0.09437499999999999 0.385 0.05374509803921569 0.0499950980392157
12 0.86625 0.14375 0.05995689655172409 0.06245689655172412
18 0.466875 0.289375 0.03372844827586208 0.036228448275862024
02 0.424375 0.478125 0.08863636363636362 0.04363636363636364
07 0.27375 0.918125 0.07748579545454548 0.04623579545454537
13 0.43875 0.860625 0.08746951219512195 0.06621951219512201
13 0.56125 0.35 0.1049821428571428 0.09998214285714285
