11 0.023125 0.296875 0.02873355263157895 0.021233552631579
05 0.83875 0.470625 0.02999161073825496 0.01624161073825503
08 0.49 0.265625 0.01745689655172411 0.033706896551724125
04 0.8 0.8075 0.029994444444444324 0.022494444444444373
02 0.5406249999999999 0.8325 0.03873809523809524 0.034988095238095096
06 0.0775 0.35375 0.0199929775280899 0.009992977528089864
05 0.8631249999999999 0.416875 0.031245098039215713 0.018745098039215646
03 0.6793750000000001 0.21375 0.043706896551724106 0.019956896551724113
18 0.639375 0.17875000000000002 0.016228448275862117 0.019978448275862065
04 0.15875 0.083125 0.02488636363636365 0.021136363636363634
