03 0.488125 0.19 0.043733552631578854 0.03248355263157898
13 0.52375 0.175625 0.05999161073825504 0.07874161073825503
07 0.33999999999999997 0.61875 0.09745689655172413 0.057456896551724146
03 0.105625 0.89875 0.021244444444444455 0.054994444444444346
06 0.93875 0.08687500000000001 0.04998809523809511 0.018738095238095234
18 0.12625 0.303125 0.024992977528089877 0.028742977528089853
08 0.3725 0.615 0.032495098039215686 0.05499509803921576
14 0.9575 0.650625 0.03745689655172413 0.046206896551724164
03 0.801875 0.593125 0.053728448275862206 0.061228448275862046
01 0.606875 0.7625 0.026136363636363513 0.024886363636363762
06 0.785 0.37 0.03998579545454528 0.022485795454545432
14 0.605 0.585 0.05246951219512197 0.04996951219512191
