06 0.33499999999999996 0.935 0.042483552631578936 0.04248355263157888
11 0.798125 0.4425 0.021241610738254924 0.022491610738255008
01 0.33375 0.336875 0.014956896551724164 0.011206896551724133
04 0.5293749999999999 0.666875 0.023744444444444457 0.026244444444444293
01 0.71375 0.48250000000000004 0.027488095238095145 0.024988095238095254
12 0.81125 0.020625 0.039992977528089835 0.03124297752808989
03 0.621875 0.11374999999999999 0.013745098039215642 0.014995098039215685
10 0.5062500000000001 0.981875 0.00995689655172416 0.01370689655172408
14 0.680625 0.721875 0.02372844827586218 0.01622844827586223
13 0.86375 0.43 0.0698863636363638 0.054886363636363567
03 0.14687144886363637 0.43125 0.02624289772727273 0.03998579545454545
