16 0.9175 0.869375 0.0724835526315789 0.05873355263157887
01 0.915625 0.84125 0.02374161073825487 0.01999161073825484
17 0.090625 0.460625 0.05870689655172415 0.046206896551724164
03 0.441875 0.27875 0.038744444444444526 0.047494444444444395
11 0.30062500000000003 0.6593749999999999 0.0437380952380953 0.04623809523809519
03 0.6637500000000001 0.18312499999999998 0.0524929775280899 0.05624297752808988
08 0.67625 0.234375 0.05749509803921571 0.03374509803921569
06 0.681885775862069 0.11437499999999999 0.061228448275862046 0.12620689655172412
00 0.763125 0.20375 0.053728448275862206 0.03747844827586208
12 0.469375 0.16250000000000003 0.09863636363636358 0.062386363636363656
12 0.7725 0.4325 0.07248579545454537 0.08248579545454549
16 0.374375 0.889375 0.061219512195122006 0.07121951219512201
13 0.24562499999999998 0.18625 0.16123214285714282 0.03248214285714285
01 0.11624999999999999 0.733125 0.05498750000000001 0.04873749999999999
