04 0.29375 0.759375 0.022483552631578974 0.023733552631578947
02 0.234375 0.568125 0.021241610738255035 0.011241610738255137
01 0.44625000000000004 0.56375 0.009956896551724104 0.012456896551724106
17 0.450625 0.88 0.023744444444444457 0.022494444444444373
08 0.186875 0.495 0.04123809523809527 0.024988095238095254
16 0.030625 0.67125 0.021242977528089887 0.029992977528089826
02 0.15187499999999998 0.358125 0.02374509803921568 0.013745098039215697
15 0.846875 0.346875 0.008706896551724186 0.016206896551724137
03 0.30125 0.423125 0.017478448275862035 0.023728448275862013
01 0.36375 0.87875 0.012386363636363584 0.009886363636363749
05 0.975625 0.6525000000000001 0.023735795454545294 0.012485795454545312
02 0.769375 0.18125000000000002 0.02121951219512197 0.024969512195121973
05 0.2175 0.940625 0.019982142857142837 0.013732142857142748
