11 0.45687500000000003 0.778125 0.038733552631578905 0.023733552631578836
06 0.5143770973154362 0.65375 0.0662458053691275 0.014991610738254946
00 0.925625 0.455625 0.036206896551724155 0.023706896551724088
07 0.76125 0.61 0.017494444444444368 0.0374944444444445
08 0.329375 0.18 0.038738095238095294 0.05498809523809525
07 0.52 0.9212499999999999 0.02499297752808982 0.05499297752808985
12 0.37625 0.13875 0.07999509803921573 0.037495098039215705
18 0.2425 0.64375 0.01995689655172414 0.022456896551724115
06 0.923125 0.586875 0.04122844827586225 0.10122844827586208
01 0.18875 0.615 0.019886363636363646 0.022386363636363593
20 0.589375 0.34687500000000004 0.02123579545454546 0.02373579545454546
