14 0.826875 0.7 0.023733552631578947 0.05248355263157889
18 0.294375 0.70625 0.018741610738255088 0.022491610738254897
02 0.265625 0.06999999999999999 0.0387068965517241 0.029956896551724142
15 0.148125 0.91125 0.03374444444444444 0.047494444444444284
04 0.526875 0.49375 0.02873809523809534 0.029988095238095314
12 0.5325 0.791875 0.032492977528089884 0.046242977528089924
14 0.865 0.440625 0.034995098039215744 0.038745098039215664
18 0.21687499999999998 0.195 0.01870689655172411 0.01995689655172414
03 0.1818696120689655 0.085625 0.036239224137931014 0.021228448275862052
11 0.78 0.27875 0.02738636363636371 0.022386363636363704
14 0.534375 0.475 0.03623579545454547 0.0374857954545455
13 0.246875 0.38625 0.04621951219512199 0.082469512195122
