06 0.360625 0.7224999999999999 0.12373355263157892 0.16498355263157893
11 0.670625 0.46625 0.056241610738254955 0.06249161073825504
01 0.70875 0.429375 0.06745689655172415 0.04120689655172416
11 0.7893749999999999 0.8325 0.06624444444444444 0.0524944444444444
10 0.224375 0.25687499999999996 0.06873809523809526 0.06123809523809526
02 0.103125 0.198125 0.016242977528089883 0.04874297752808987
18 0.385625 0.500625 0.03624509803921572 0.03624509803921572
11 0.7975000000000001 0.9337500000000001 0.05245689655172414 0.05495689655172409
18 0.6325000000000001 0.221875 0.04247844827586211 0.04372844827586206
19 0.96 0.7493749999999999 0.03488636363636377 0.08863636363636374
07 0.21187499999999998 0.08437499999999999 0.07873579545454545 0.12623579545454544
05 0.47188262195121955 0.534375 0.038734756097560996 0.05871951219512195
