01 0.369375 0.13125 0.038733552631578905 0.027483552631578936
19 0.7025 0.494375 0.04999161073825498 0.056241610738255066
03 0.369375 0.4925 0.026206896551724146 0.04245689655172413
12 0.4225 0.125625 0.05999444444444452 0.05874444444444446
18 0.44875 0.28125 0.024988095238095254 0.027488095238095256
20 0.2475 0.869375 0.03499297752808983 0.03374297752808986
10 0.48250000000000004 0.2925 0.0499950980392157 0.05749509803921571
12 0.155 0.935625 0.06995689655172414 0.04870689655172411
00 0.43374999999999997 0.826875 0.04747844827586206 0.0487284482758622
09 0.81 0.9606250000000001 0.05238636363636384 0.04613636363636375
