15 0.84 0.615 0.02498355263157892 0.012483552631578965
03 0.671875 0.72875 0.046241610738254835 0.03999161073825497
03 0.86375 0.11375 0.024956896551724173 0.08995689655172415
14 0.69625 0.9437500000000001 0.047494444444444395 0.037494444444444386
14 0.35 0.21875 0.024988095238095254 0.02248809523809525
01 0.485 0.7381249999999999 0.019992977528089872 0.023742977528089848
02 0.346875 0.06875 0.02624509803921571 0.034995098039215695
01 0.94625 0.508125 0.022456896551724115 0.016206896551724137
01 0.8043750000000001 0.769375 0.03122844827586213 0.03122844827586224
04 0.036250000000000004 0.423125 0.03238636363636364 0.03363636363636363
18 0.45499999999999996 0.446875 0.022485795454545487 0.02373579545454546
13 0.058125 0.421875 0.10121951219512196 0.03121951219512198
