20 0.1925 0.61625 0.022483552631578974 0.01748355263157897
18 0.07 0.605 0.01249161073825504 0.014991610738255057
00 0.450625 0.0175 0.023706896551724088 0.02245689655172414
11 0.9312499999999999 0.333125 0.027494444444444377 0.02124444444444451
08 0.42874999999999996 0.7068749999999999 0.017488095238095303 0.041238095238095185
06 0.16249999999999998 0.661875 0.054992977528089876 0.036242977528089915
11 0.10250000000000001 0.87375 0.024995098039215694 0.02999509803921574
10 0.200625 0.6568750000000001 0.026206896551724146 0.02120689655172414
12 0.669375 0.095625 0.028728448275862184 0.028728448275862073
10 0.17125 0.136875 0.017386363636363672 0.02113636363636362
12 0.678125 0.339375 0.026235795454545352 0.03623579545454547
03 0.348125 0.134375 0.03371951219512198 0.04121951219512193
