20 0.143125 0.069375 0.021233552631578945 0.023733552631578975
11 0.54375 0.265625 0.017491610738255114 0.023741610738255092
07 0.868125 0.1275 0.011206896551724133 0.06745689655172411
20 0.9768749999999999 0.568125 0.013744444444444448 0.013744444444444559
17 0.31062500000000004 0.30000000000000004 0.028738095238095285 0.024988095238095254
01 0.35 0.20500000000000002 0.02249297752808982 0.019992977528089845
13 0.745 0.251875 0.014995098039215726 0.0487450980392157
02 0.6993750000000001 0.2 0.043706896551724106 0.014956896551724136
01 0.32625 0.614375 0.029978448275862046 0.026228448275862126
10 0.15500000000000003 0.294375 0.01488636363636367 0.013636363636363669
10 0.41000000000000003 0.31375 0.01998579545454543 0.022485795454545487
