01 0.879375 0.39875000000000005 0.026233552631578894 0.017483552631578914
03 0.9425 0.5818749999999999 0.02999161073825496 0.043741610738255
06 0.36312500000000003 0.486875 0.058706896551724175 0.05120689655172417
04 0.8231250000000001 0.34750000000000003 0.02874444444444435 0.02999444444444449
05 0.76 0.473125 0.02998809523809509 0.028738095238095285
04 0.575625 0.9137500000000001 0.036242977528089804 0.032492977528089884
01 0.435 0.7175 0.02999509803921574 0.022495098039215677
04 0.5 0.026875 0.04245689655172408 0.023706896551724137
08 0.7762500000000001 0.28375 0.0174784482758622 0.03497844827586205
13 0.855 0.530625 0.0698863636363638 0.04113636363636353
