00 0.40625 0.104375 0.04248355263157888 0.038733552631578946
13 0.265625 0.930625 0.05874161073825504 0.07374161073825491
04 0.600625 0.8262499999999999 0.04120689655172416 0.039956896551724186
18 0.7 0.14500000000000002 0.022494444444444373 0.02749444444444446
05 0.358125 0.270625 0.018738095238095276 0.04373809523809527
14 0.885 0.930625 0.019992977528089817 0.03874297752808986
03 0.475 0.11499999999999999 0.01499509803921567 0.047495098039215686
02 0.7168749999999999 0.221875 0.07120689655172419 0.07120689655172416
03 0.166875 0.18375 0.01372844827586206 0.049978448275862064
01 0.8049999999999999 0.97 0.03488636363636377 0.022386363636363704
19 0.854375 0.585 0.04373579545454542 0.0399857954545455
04 0.925 0.69875 0.03246951219512206 0.024969512195122
04 0.703125 0.714375 0.03123214285714293 0.018732142857142864
04 0.6681250000000001 0.020625 0.03873749999999998 0.026237500000000004
