02 0.2575 0.12875 0.019983552631578944 0.017483552631578927
19 0.028749999999999998 0.185 0.02999161073825503 0.014991610738255057
17 0.27125 0.061875 0.022456896551724115 0.026206896551724146
03 0.1725 0.40625 0.009994444444444445 0.03249444444444449
18 0.62 0.3325 0.01498809523809519 0.017488095238095303
01 0.634375 0.645 0.02124297752808979 0.022492977528089875
00 0.515 0.6375 0.01999509803921562 0.022495098039215677
03 0.69375 0.6331249999999999 0.02745689655172412 0.04620689655172405
10 0.29312499999999997 0.54375 0.02622844827586207 0.024978448275862042
06 0.424375 0.16934659090909093 0.023636363636363567 0.01869318181818183
18 0.20500000000000002 0.399375 0.01248579545454545 0.016235795454545454
10 0.411875 0.249375 0.018719512195121968 0.021219512195121998
