07 0.22 0.7106208881578947 0.03998355263157899 0.023741776315789442
00 0.22062500000000002 0.8049999999999999 0.023741610738255065 0.017491610738254892
16 0.123125 0.861875 0.02870689655172412 0.043706896551724106
06 0.951875 0.72375 0.07124444444444433 0.05749444444444429
14 0.039375 0.126875 0.036238095238095236 0.041238095238095226
14 0.16125 0.611875 0.02499297752808985 0.043742977528089866
12 0.3125 0.07 0.04499509803921564 0.034995098039215695
20 0.6275 0.268125 0.01745689655172422 0.018706896551724084
00 0.241875 0.4525 0.028728448275862073 0.01747844827586209
18 0.1825 0.408125 0.019886363636363674 0.02113636363636362
03 0.33875 0.711875 0.029985795454545494 0.016235795454545343
14 0.63125 0.48624999999999996 0.029969512195122006 0.022469512195122
