01 0.22812500000000002 0.7075 0.026233552631578977 0.019983552631578916
09 0.520625 0.37 0.023741610738255092 0.024991610738255066
04 0.90625 0.403125 0.024956896551724173 0.02120689655172414
03 0.30062500000000003 0.271875 0.028744444444444406 0.031244444444444464
13 0.920625 0.825 0.04373809523809513 0.04248809523809516
04 0.38375000000000004 0.24812499999999998 0.019992977528089872 0.01624297752808987
03 0.22875 0.91875 0.022495098039215705 0.07999509803921567
03 0.963125 0.346875 0.036206896551724155 0.016206896551724137
02 0.890625 0.506875 0.046228448275862144 0.028728448275862017
20 0.429375 0.06562499999999999 0.013636363636363558 0.01613636363636363
15 0.20625 0.671875 0.02248579545454546 0.04623579545454537
18 0.7693749999999999 0.500625 0.016219512195121966 0.018719512195121968
