12 0.35624999999999996 0.44125000000000003 0.059983552631578896 0.034983552631578874
18 0.7481249999999999 0.709375 0.018741610738254866 0.021241610738254924
10 0.33125 0.44375 0.02745689655172412 0.017456896551724166
06 0.11125000000000002 0.8381236111111111 0.05499444444444447 0.031247222222222204
02 0.49 0.6725 0.02748809523809531 0.024988095238095198
06 0.068125 0.75 0.06124297752808989 0.09499297752808977
11 0.699375 0.594375 0.028745098039215655 0.023745098039215762
06 0.205625 0.54125 0.023706896551724144 0.022456896551724115
19 0.22499999999999998 0.436875 0.017478448275862063 0.028728448275862073
00 0.7625 0.3325 0.02738636363636371 0.022386363636363593
12 0.105625 0.333125 0.028735795454545465 0.038735795454545474
15 0.93625 0.125 0.009969512195121988 0.014969512195121937
10 0.234375 0.860625 0.01873214285714281 0.01373214285714286
