02 0.87625 0.666875 0.057483552631578894 0.06623355263157893
11 0.52875 0.408125 0.04499161073825497 0.03624161073825505
11 0.28812499999999996 0.83 0.05120689655172411 0.03745689655172413
10 0.43062500000000004 0.8474999999999999 0.03624444444444447 0.03999444444444433
14 0.655 0.343125 0.06498809523809512 0.06123809523809526
04 0.765625 0.48625 0.04124297752808981 0.032492977528089884
10 0.29000000000000004 0.130625 0.03999509803921569 0.03624509803921569
03 0.8725 0.27375 0.11745689655172409 0.16495689655172416
02 0.058750000000000004 0.764375 0.03747844827586207 0.02372844827586218
11 0.759375 0.280625 0.05113636363636376 0.028636363636363682
02 0.50375 0.37312500000000004 0.03498579545454544 0.10123579545454547
