10 0.96625 0.028125 0.02498355263157881 0.01873355263157895
02 0.31937499999999996 0.69875 0.02874161073825504 0.03499161073825485
06 0.415625 0.771875 0.028706896551724148 0.08870689655172415
17 0.483125 0.974375 0.02624444444444446 0.02874444444444435
14 0.703125 0.16312500000000002 0.021238095238095056 0.04373809523809527
02 0.304375 0.715 0.04624297752808981 0.03749297752808989
06 0.11750000000000001 0.45562377450980396 0.0749950980392157 0.006247549019607834
01 0.5762499999999999 0.8631249999999999 0.022456896551724115 0.023706896551724088
13 0.5325 0.059375 0.03747844827586211 0.07872844827586206
16 0.900625 0.353125 0.04113636363636375 0.023636363636363622
13 0.48250000000000004 0.5325 0.06498579545454547 0.03248579545454544
04 0.8162499999999999 0.133125 0.024969512195122 0.023719512195121945
08 0.8787499999999999 0.499375 0.01748214285714289 0.031232142857142764
00 0.325625 0.86 0.026237500000000025 0.02498749999999994
