02 0.27125 0.7493749999999999 0.05998355263157895 0.031233552631578898
20 0.8218749999999999 0.320625 0.01624161073825492 0.011241610738255026
03 0.57 0.6168750000000001 0.02745689655172412 0.03120689655172415
02 0.754375 0.6543749999999999 0.02874444444444435 0.01874444444444434
15 0.531875 0.244375 0.021238095238095278 0.016238095238095274
10 0.72 0.28500000000000003 0.01749297752808987 0.019992977528089872
12 0.744375 0.5800000000000001 0.031245098039215602 0.032495098039215686
04 0.37687499999999996 0.200625 0.023706896551724144 0.01870689655172414
00 0.663125 0.63375 0.018728448275862175 0.014978448275862144
13 0.58375 0.28125 0.04238636363636361 0.05488636363636368
06 0.5775 0.450625 0.06998579545454553 0.02123579545454546
02 0.885 0.934375 0.01746951219512205 0.011219512195121961
01 0.133125 0.27937500000000004 0.02873214285714286 0.01873214285714281
