15 0.555625 0.6018749999999999 0.03873355263157896 0.033733552631578845
09 0.735625 0.65125 0.018741610738254866 0.03749161073825502
13 0.849375 0.6343749999999999 0.053706896551724115 0.043706896551724106
12 0.80875 0.734375 0.03499444444444433 0.043744444444444364
19 0.60375 0.598125 0.03498809523809521 0.026238095238095283
16 0.38187499999999996 0.55375 0.02624297752808985 0.047492977528089786
01 0.403125 0.46125 0.0162450980392157 0.014995098039215726
07 0.524375 0.805625 0.01370689655172408 0.08370689655172414
13 0.03875 0.661875 0.057478448275862064 0.016228448275862117
05 0.6468750000000001 0.73375 0.04113636363636364 0.022386363636363704
08 0.1725 0.520625 0.049985795454545484 0.023735795454545405
00 0.443125 0.056249999999999994 0.038719512195121986 0.032469512195121945
