06 0.27125 0.301875 0.03748355263157899 0.13623355263157894
04 0.0825 0.90875 0.029991610738255042 0.0274916107382549
08 0.71375 0.7025 0.06245689655172404 0.019956896551724057
07 0.624375 0.335 0.02874444444444446 0.09749444444444444
05 0.696875 0.91125 0.031238095238095065 0.05748809523809517
14 0.224375 0.719375 0.031242977528089855 0.05124297752808982
06 0.6675 0.91625 0.14749509803921568 0.08999509803921568
06 0.913125 0.5606249999999999 0.011206896551724133 0.1587068965517241
07 0.443125 0.44062500000000004 0.08372844827586207 0.016228448275862062
04 0.858125 0.93625 0.0486363636363637 0.049886363636363784
