09 0.6031249999999999 0.7906249999999999 0.018733552631578942 0.02123355263157889
03 0.49 0.434375 0.01999161073825506 0.02624161073825504
18 0.26187499999999997 0.32999999999999996 0.01870689655172414 0.019956896551724113
02 0.66625 0.41625 0.01499444444444431 0.06249444444444452
01 0.48250000000000004 0.61125 0.024988095238095254 0.02248809523809525
04 0.8206249999999999 0.816875 0.0212429775280899 0.02124297752808979
20 0.555625 0.884375 0.021245098039215704 0.0162450980392157
07 0.625625 0.94875 0.01370689655172419 0.032456896551724124
15 0.441875 0.138125 0.02622844827586207 0.02622844827586207
10 0.31937499999999996 0.735 0.018636363636363618 0.01738636363636381
11 0.71875 0.5862499999999999 0.022485795454545432 0.019985795454545374
14 0.719375 0.861875 0.02121951219512197 0.04121951219512188
06 0.73875 0.515625 0.01748214285714278 0.008732142857142744
12 0.869375 0.9293750000000001 0.033737499999999976 0.04623750000000004
