14 0.23375 0.8612500000000001 0.019983552631579 0.04498355263157883
06 0.46875 0.6031249999999999 0.08749161073825507 0.011241610738255026
14 0.72375 0.109375 0.057456896551724146 0.03370689655172414
03 0.753125 0.950625 0.023744444444444346 0.02874444444444435
10 0.359375 0.455625 0.03623809523809529 0.031238095238095287
07 0.55125 0.766875 0.06499297752808986 0.03874297752808986
14 0.634375 0.384375 0.06874509803921569 0.04874509803921573
19 0.46687500000000004 0.70375 0.03370689655172415 0.01745689655172411
18 0.7825 0.31125 0.024978448275862153 0.027478448275862044
00 0.18625 0.7581249999999999 0.04738636363636367 0.04613636363636375
