04 0.640625 0.8625 0.033733552631578956 0.03248355263157887
11 0.9237500000000001 0.05375 0.03999161073825486 0.03249161073825503
11 0.32625 0.611875 0.04245689655172413 0.04120689655172416
03 0.792501388888889 0.826875 0.04999722222222214 0.026244444444444404
00 0.334375 0.8875 0.04123809523809524 0.03998809523809521
07 0.7731232443820225 0.8225 0.05124648876404492 0.01749297752808987
08 0.393125 0.9524999999999999 0.06874509803921569 0.022495098039215677
03 0.345 0.1325 0.02995689655172412 0.019956896551724126
12 0.67125 0.6681250000000001 0.04497844827586217 0.056228448275862264
01 0.780625 0.398125 0.02113636363636373 0.013636363636363558
06 0.7168749999999999 0.3425 0.04623579545454526 0.022485795454545487
07 0.47125 0.7512423780487805 0.09746951219512201 0.049984756097561034
05 0.6787455357142858 0.503125 0.03749107142857133 0.038732142857142826
08 0.671875 0.954375 0.04623749999999993 0.023737499999999967
