06 0.016875 0.86 0.018733552631578946 0.03248355263157898
00 0.923125 0.8700000000000001 0.03624161073825494 0.03749161073825491
04 0.21437499999999998 0.076875 0.03870689655172413 0.03370689655172413
00 0.839375 0.7481249999999999 0.031244444444444408 0.026244444444444404
06 0.08375 0.76 0.05498809523809523 0.08498809523809514
14 0.625 0.900625 0.049992977528089844 0.03374297752808986
08 0.46875 0.03125 0.034995098039215744 0.022495098039215688
10 0.468125 0.16999999999999998 0.026206896551724146 0.017456896551724138
03 0.176875 0.5018750000000001 0.021228448275862066 0.021228448275862122
03 0.5631250000000001 0.905 0.043636363636363584 0.019886363636363757
20 0.8400000000000001 0.4475 0.019985795454545374 0.022485795454545432
04 0.17875000000000002 0.7293750000000001 0.03246951219512198 0.026219512195121975
