11 0.82875 0.450625 0.022483552631578974 0.023733552631578947
18 0.446875 0.610625 0.016241610738255086 0.018741610738255088
02 0.848125 0.043125000000000004 0.011206896551724133 0.02120689655172414
00 0.900625 0.888125 0.026244444444444293 0.016244444444444395
11 0.6231249999999999 0.58375 0.023738095238095336 0.019988095238095305
20 0.6993750000000001 0.860625 0.011242977528089892 0.008742977528089835
13 0.849375 0.565625 0.038745098039215664 0.05374509803921568
12 0.038125000000000006 0.609375 0.02870689655172414 0.04370689655172422
11 0.22499999999999998 0.72 0.022478448275862067 0.012478448275862197
04 0.9181250000000001 0.3425 0.02363636363636379 0.024886363636363595
14 0.82625 0.308125 0.027485795454545325 0.02373579545454546
17 0.714375 0.34125 0.028719512195122032 0.029969512195122006
09 0.31125 0.891875 0.03248214285714285 0.043732142857142886
