04 0.24562499999999998 0.29625 0.033733552631578956 0.02998355263157898
03 0.243125 0.54625 0.07374161073825508 0.03749161073825502
12 0.764375 0.35125 0.043706896551724106 0.04245689655172413
10 0.8631249999999999 0.5175000000000001 0.031244444444444297 0.02499444444444443
15 0.71875 0.369375 0.0399880952380951 0.033738095238095234
03 0.396875 0.35875 0.03874297752808986 0.03249297752808983
01 0.28437500000000004 0.265625 0.018745098039215702 0.0162450980392157
02 0.624385775862069 0.8131250000000001 0.03122844827586213 0.03120689655172415
04 0.37687499999999996 0.894375 0.031228448275862075 0.03372844827586219
14 0.836875 0.030000000000000002 0.02363636363636379 0.05738636363636364
10 0.200625 0.045 0.03373579545454547 0.032485795454545455
07 0.705625 0.6481250000000001 0.04871951219512194 0.013719512195122019
12 0.46625 0.43 0.05248214285714281 0.09248214285714285
