08 0.9806250000000001 0.09437499999999999 0.02873355263157895 0.04373355263157895
00 0.18 0.63 0.03749161073825505 0.03999161073825497
00 0.193125 0.3075 0.06120689655172412 0.05245689655172414
15 0.815 0.34562499999999996 0.03249444444444427 0.04124444444444447
15 0.865625 0.361875 0.06873809523809515 0.05623809523809531
01 0.6012500000000001 0.765625 0.0524929775280899 0.043742977528089755
14 0.32875 0.065625 0.0499950980392157 0.041245098039215694
04 0.77375 0.155625 0.03745689655172413 0.023706896551724116
06 0.145625 0.26 0.016228448275862062 0.05997844827586207
02 0.08875 0.528125 0.09988636363636363 0.04613636363636353
10 0.930625 0.2375 0.041235795454545365 0.04248579545454545
07 0.506875 0.4625 0.08371951219512191 0.04996951219512197
03 0.2175 0.78625 0.027482142857142844 0.04248214285714291
01 0.698125 0.308125 0.02123750000000002 0.02123750000000002
