10 0.3175 0.490625 0.04748355263157894 0.026233552631578894
11 0.8325 0.44 0.03999161073825497 0.034991610738255075
12 0.224375 0.84375 0.05120689655172414 0.049956896551724084
14 0.86625 0.6937500000000001 0.057494444444444404 0.029994444444444324
09 0.850625 0.96 0.041238095238095185 0.05748809523809506
01 0.76 0.62625 0.019992977528089817 0.019992977528089817
03 0.148125 0.54 0.018745098039215702 0.03499509803921563
03 0.18875 0.45875 0.05245689655172414 0.04995689655172414
04 0.18062499999999998 0.169375 0.04622844827586206 0.041228448275862084
15 0.22875 0.474375 0.04488636363636367 0.033636363636363575
03 0.19124999999999998 0.340625 0.03498579545454547 0.07873579545454545
