14 0.505 0.38625 0.027483552631578867 0.022483552631578918
06 0.47875 0.844375 0.07749161073825506 0.02374161073825487
04 0.9075 0.6325000000000001 0.022456896551724115 0.019956896551724168
03 0.156875 0.78375 0.02624444444444446 0.03249444444444427
08 0.21 0.384375 0.03248809523809526 0.036238095238095236
01 0.291875 0.281875 0.01374297752808984 0.01374297752808984
06 0.054375 0.346875 0.028745098039215697 0.011245098039215695
00 0.734375 0.913125 0.018706896551724084 0.01370689655172408
06 0.3450053879310345 0.5225 0.03248922413793104 0.05247844827586212
14 0.659375 0.699375 0.043636363636363695 0.02113636363636373
12 0.27625 0.34125 0.02498579545454549 0.02498579545454549
18 0.479375 0.246875 0.013719512195122019 0.016219512195121993
11 0.675625 0.134375 0.026232142857142815 0.02373214285714287
15 0.1275 0.41312499999999996 0.019987500000000005 0.03623749999999998
