09 0.6212500000000001 0.0275 0.022483552631578863 0.03998355263157895
00 0.44375 0.374375 0.03499161073825502 0.033741610738255046
14 0.4625 0.1025 0.054956896551724144 0.03745689655172413
02 0.468125 0.84875 0.09374444444444446 0.04499444444444434
00 0.24625000000000002 0.8375 0.02248809523809528 0.01498809523809519
05 0.54375 0.6575 0.027492977528089768 0.039992977528089835
03 0.384375 0.906875 0.023745098039215706 0.018745098039215646
16 0.84375 0.545625 0.032456896551724235 0.04120689655172416
13 0.843125 0.87125 0.09622844827586219 0.042478448275862224
08 0.8775 0.45375 0.039886363636363664 0.022386363636363593
01 0.36124999999999996 0.27875 0.02998579545454544 0.029985795454545494
08 0.196875 0.21625 0.04121951219512199 0.029969512195121978
13 0.18 0.53625 0.04748214285714286 0.06498214285714288
