15 0.6143708881578946 0.909375 0.038741776315789456 0.031233552631578898
08 0.49125 0.43625 0.06249161073825504 0.047491610738255086
01 0.34125 0.1875 0.057456896551724146 0.04995689655172414
10 0.69625 0.5293749999999999 0.047494444444444395 0.028744444444444572
03 0.10625 0.13937500000000003 0.08248809523809522 0.10123809523809527
03 0.930625 0.56375 0.04624297752808981 0.11749297752808985
20 0.370625 0.829375 0.043745098039215724 0.04124509803921572
01 0.2825 0.66625 0.03995689655172413 0.032456896551724124
04 0.63375 0.25375000000000003 0.049978448275862064 0.03497844827586208
15 0.306875 0.7075 0.03363636363636363 0.019886363636363757
