07 0.6625 0.434375 0.037483552631578876 0.02123355263157889
06 0.9493750000000001 0.224375 0.046241610738254946 0.04874161073825503
01 0.028125000000000004 0.943125 0.02870689655172414 0.026206896551724146
05 0.07625000000000001 0.061875 0.02999444444444445 0.021244444444444448
03 0.263125 0.606875 0.04873809523809525 0.031238095238095176
17 0.124375 0.30374999999999996 0.03624297752808989 0.03749297752808983
00 0.833125 0.023125 0.023745098039215762 0.026245098039215688
15 0.026875000000000003 0.49875 0.02870689655172414 0.019956896551724113
20 0.44937499999999997 0.023125 0.02622844827586207 0.02372844827586207
03 0.32875 0.081875 0.02488636363636365 0.023636363636363636
01 0.97875 0.175625 0.02498579545454538 0.02123579545454546
10 0.19375 0.8999999999999999 0.014969512195121992 0.014969512195121992
04 0.31875 0.296875 0.034982142857142795 0.02373214285714287
