19 0.8225 0.8712500000000001 0.02498355263157892 0.039983552631578934
05 0.073125 0.59875 0.04124161073825504 0.02249161073825512
20 0.688125 0.815625 0.026206896551724146 0.023706896551724088
12 0.40375000000000005 0.835625 0.0399944444444445 0.043744444444444364
09 0.028124999999999997 0.416875 0.036238095238095236 0.021238095238095278
14 0.503125 0.473125 0.023742977528089848 0.03624297752808986
10 0.379375 0.234375 0.02874509803921571 0.018745098039215702
20 0.39625 0.004989224137931034 0.012456896551724106 0.009978448275862068
00 0.111875 0.215 0.031228448275862075 0.029978448275862046
07 0.088125 0.748125 0.03613636363636363 0.02113636363636373
18 0.8262499999999999 0.7125 0.02248579545454532 0.02498579545454538
07 0.38 0.189375 0.07996951219512194 0.03371951219512198
01 0.313125 0.938125 0.01873214285714281 0.018732142857142753
