20 0.645625 0.46687500000000004 0.026233552631578894 0.02373355263157889
03 0.5900000000000001 0.7093750000000001 0.052491610738255035 0.04874161073825489
06 0.24688577586206897 0.076875 0.016228448275862062 0.10870689655172412
03 0.69625 0.41000000000000003 0.05249444444444429 0.07499444444444453
01 0.295625 0.22749999999999998 0.018738095238095276 0.017488095238095275
04 0.39437500000000003 0.28312499999999996 0.041242977528089864 0.02624297752808985
20 0.17125 0.075625 0.022495098039215705 0.02124509803921569
13 0.133125 0.515625 0.03620689655172414 0.06620689655172418
09 0.506875 0.6531250000000001 0.0637284482758621 0.0587284482758621
10 0.400625 0.743125 0.03113636363636363 0.028636363636363682
20 0.5375 0.218125 0.03248579545454544 0.031235795454545467
09 0.43374999999999997 0.5675 0.04246951219512202 0.03246951219512195
03 0.361875 0.201875 0.028732142857142873 0.05623214285714284
12 0.21625 0.7693749999999999 0.04998750000000002 0.04873749999999999
