18 0.188125 0.44875 0.021233552631578972 0.02498355263157892
15 0.54 0.458125 0.034991610738255075 0.018741610738255088
10 0.3525 0.494375 0.03745689655172413 0.028706896551724093
15 0.511875 0.6174999999999999 0.016244444444444506 0.04999444444444445
14 0.815625 0.7831250000000001 0.013738095238095105 0.03373809523809512
14 0.090625 0.558125 0.03874297752808989 0.06624297752808983
06 0.49375 0.4075 0.029995098039215684 0.01749509803921573
13 0.1175 0.38312500000000005 0.034956896551724126 0.08120689655172414
18 0.5393749999999999 0.586875 0.021228448275862122 0.02372844827586207
08 0.98125 0.359375 0.014886363636363753 0.051136363636363646
08 0.46875 0.44375 0.022485795454545432 0.022485795454545487
18 0.533125 0.8456250000000001 0.02121951219512197 0.023719512195122028
07 0.116875 0.41812499999999997 0.07623214285714286 0.056232142857142786
