03 0.35187500000000005 0.175 0.0337335526315789 0.01748355263157897
15 0.405625 0.37312500000000004 0.018741610738255032 0.008741610738255023
03 0.678125 0.35062499999999996 0.04870689655172411 0.028706896551724148
05 0.464375 0.87125 0.018744444444444508 0.03499444444444433
05 0.95375 0.961875 0.02998809523809509 0.021238095238095167
03 0.9450000000000001 0.165625 0.047492977528089786 0.03874297752808986
06 0.7831250000000001 0.72375 0.018745098039215757 0.05749509803921571
04 0.58625 0.55625 0.02745689655172412 0.02745689655172412
11 0.59 0.16875 0.029978448275862046 0.029978448275862074
05 0.568125 0.839375 0.03613636363636363 0.018636363636363784
03 0.381875 0.14750000000000002 0.026235795454545463 0.017485795454545455
03 0.81125 0.8768750000000001 0.029969512195122006 0.03621951219512198
03 0.869375 0.951875 0.053732142857142895 0.03123214285714282
15 0.893125 0.148125 0.011237500000000011 0.03873750000000001
