14 0.17562499999999998 0.381875 0.016233552631578968 0.026233552631578894
20 0.42625 0.04875 0.01749161073825506 0.01749161073825503
11 0.34062499999999996 0.76875 0.028706896551724148 0.01745689655172411
12 0.14 0.875 0.032494444444444465 0.027494444444444266
03 0.281875 0.6950000000000001 0.041238095238095296 0.029988095238095203
13 0.19125 0.519375 0.04249297752808984 0.04874297752808987
13 0.1875 0.735 0.06749509803921572 0.06749509803921572
09 0.411875 0.6699999999999999 0.016206896551724137 0.022456896551724115
14 0.6793750000000001 0.20750000000000002 0.02372844827586229 0.01497844827586206
20 0.46125000000000005 0.245 0.014886363636363587 0.014886363636363642
15 0.525625 0.7206250000000001 0.006235795454545556 0.021235795454545348
10 0.5425 0.8999999999999999 0.022469512195121943 0.024969512195122
20 0.45875 0.854375 0.017482142857142835 0.016232142857142806
