08 0.436875 0.6837500000000001 0.07123355263157888 0.0724835526315789
13 0.489375 0.786875 0.04374161073825511 0.09374161073825493
09 0.344375 0.04125000000000001 0.03120689655172415 0.04495689655172415
04 0.9456249999999999 0.5700000000000001 0.02874444444444435 0.022494444444444484
12 0.1 0.294375 0.03748809523809522 0.041238095238095296
04 0.875625 0.943125 0.028742977528089853 0.02124297752808979
02 0.5306249999999999 0.0975 0.031245098039215713 0.032495098039215686
03 0.87 0.233125 0.009956896551724048 0.01870689655172414
03 0.273125 0.69875 0.03872844827586208 0.01997844827586226
08 0.87625 0.285625 0.019886363636363757 0.023636363636363678
05 0.8825000000000001 0.30562500000000004 0.029985795454545383 0.02373579545454546
