14 0.36875 0.8525 0.03248355263157893 0.029983552631578925
03 0.049375 0.315 0.031241610738255023 0.0599916107382551
09 0.37875000000000003 0.166875 0.02995689655172412 0.026206896551724146
10 0.330625 0.8556250000000001 0.018744444444444452 0.016244444444444395
05 0.430625 0.09625 0.016238095238095274 0.027488095238095228
03 0.5237499999999999 0.493125 0.02499297752808982 0.023742977528089848
14 0.178125 0.278125 0.018745098039215702 0.04124509803921572
03 0.81875 0.7725 0.014956896551724164 0.022456896551724115
04 0.8987499999999999 0.26875 0.0174784482758622 0.01747844827586209
04 0.645625 0.8843749999999999 0.023636363636363678 0.026136363636363735
10 0.4275 0.6074999999999999 0.022485795454545432 0.022485795454545543
14 0.40937500000000004 0.971875 0.028719512195121977 0.016219512195121966
