19 0.34750000000000003 0.288125 0.03748355263157893 0.043733552631578965
07 0.09249790268456376 0.76375 0.05999580536912752 0.052491610738254924
08 0.275625 0.35625 0.026206896551724146 0.03745689655172413
10 0.11374999999999999 0.6356249999999999 0.06249444444444445 0.05874444444444438
15 0.34875 0.721875 0.054988095238095225 0.0612380952380952
06 0.5331250000000001 0.375625 0.023742977528089848 0.10374297752808986
05 0.680625 0.485625 0.04374509803921567 0.023745098039215706
10 0.541875 0.205625 0.03370689655172421 0.03120689655172415
15 0.583125 0.298125 0.036228448275862135 0.021228448275862066
05 0.01875 0.1975 0.029886363636363635 0.02488636363636368
06 0.065 0.396875 0.027485795454545443 0.038735795454545474
