11 0.614375 0.6656249999999999 0.033733552631578956 0.018733552631578942
07 0.065 0.141875 0.01749161073825503 0.04874161073825506
14 0.05437500000000001 0.513125 0.04120689655172414 0.03120689655172415
07 0.751875 0.244375 0.013744444444444337 0.04374444444444439
14 0.22875 0.19 0.03248809523809526 0.017488095238095247
13 0.6525000000000001 0.8731249999999999 0.057492977528089795 0.0887429775280898
09 0.70875 0.068125 0.017495098039215673 0.02874509803921569
11 0.579375 0.54 0.0337068965517241 0.019956896551724168
14 0.2443696120689655 0.5918749999999999 0.02373922413793103 0.0637284482758621
03 0.4275 0.485 0.0323863636363636 0.04488636363636361
19 0.379375 0.6231249999999999 0.026235795454545463 0.041235795454545365
14 0.9125000000000001 0.698125 0.03496951219512201 0.013719512195121908
