01 0.66875 0.21 0.01748355263157897 0.01998355263157897
00 0.445 0.7662500000000001 0.01999161073825506 0.017491610738254892
11 0.049375 0.203125 0.016206896551724144 0.026206896551724146
01 0.445625 0.383125 0.023744444444444457 0.02124444444444451
06 0.6625 0.476875 0.027488095238095145 0.01123809523809527
10 0.385625 0.374375 0.021242977528089846 0.01374297752808984
14 0.8143750000000001 0.8374999999999999 0.013745098039215642 0.042495098039215695
03 0.92875 0.32875 0.014956896551724164 0.014956896551724108
13 0.473125 0.4675 0.06872844827586211 0.06497844827586202
13 0.5862499999999999 0.7406250000000001 0.06738636363636352 0.04613636363636375
