08 0.645625 0.21999999999999997 0.07123355263157882 0.05248355263157897
04 0.549375 0.113125 0.03624161073825505 0.043741610738255055
12 0.829375 0.16875 0.06370689655172412 0.06245689655172412
20 0.828125 0.025 0.02874444444444446 0.024994444444444444
11 0.036875000000000005 0.958125 0.06373809523809525 0.05123809523809508
03 0.62375 0.76625 0.022492977528089875 0.0624929775280898
11 0.808125 0.356875 0.04124509803921572 0.02374509803921565
03 0.771875 0.84125 0.07620689655172419 0.057456896551724035
03 0.16875 0.7518750000000001 0.07497844827586206 0.03872844827586219
15 0.30437499999999995 0.33624999999999994 0.048636363636363644 0.04488636363636361
18 0.5900000000000001 0.57375 0.027485795454545436 0.029985795454545494
04 0.8062499999999999 0.60625 0.04496951219512202 0.029969512195121895
