04 0.48 0.21687499999999998 0.042483552631578936 0.02873355263157898
00 0.14 0.45999999999999996 0.03749161073825505 0.029991610738255015
04 0.345 0.623125 0.04745689655172408 0.036206896551724155
01 0.8943749999999999 0.5275 0.03624444444444441 0.027494444444444488
12 0.186875 0.47 0.06373809523809526 0.04748809523809522
20 0.69375 0.846875 0.03749297752808989 0.03874297752808986
10 0.175 0.8118749999999999 0.042495098039215695 0.031245098039215713
03 0.38749999999999996 0.30125 0.07745689655172411 0.02745689655172412
18 0.504375 0.651875 0.028728448275862073 0.03122844827586213
05 0.13752840909090908 0.186875 0.042443181818181824 0.04363636363636367
