03 0.133125 0.614375 0.028733552631578937 0.08123355263157883
13 0.23875000000000002 0.509375 0.10999161073825506 0.10124161073825505
13 0.86625 0.455625 0.08245689655172417 0.08870689655172415
14 0.913125 0.7525 0.05874444444444438 0.04249444444444428
10 0.17500000000000002 0.706875 0.03498809523809526 0.02623809523809517
20 0.32999999999999996 0.4975 0.04749297752808984 0.032492977528089884
03 0.64 0.215625 0.017495098039215673 0.06374509803921569
09 0.0575 0.4975 0.042456896551724146 0.04245689655172413
14 0.69625 0.45625 0.022478448275862206 0.039978448275862055
18 0.82375 0.8987499999999999 0.03238636363636371 0.03488636363636377
