10 0.8143750000000001 0.7125 0.033733552631578845 0.03498355263157893
10 0.7575000000000001 0.841875 0.029991610738254848 0.031241610738254932
18 0.24812499999999998 0.513125 0.031206896551724123 0.0337068965517241
12 0.9125000000000001 0.781875 0.047494444444444395 0.04624444444444431
04 0.34875 0.16812500000000002 0.04248809523809527 0.036238095238095264
20 0.051250000000000004 0.24874999999999997 0.024992977528089884 0.022492977528089847
06 0.396875 0.31625000000000003 0.02124509803921565 0.13749509803921572
01 0.605625 0.11937500000000001 0.04870689655172411 0.04620689655172412
07 0.769375 0.051875 0.07622844827586217 0.10372844827586207
14 0.753125 0.80875 0.028636363636363682 0.05238636363636373
14 0.484375 0.9056249999999999 0.0712357954545455 0.05373579545454532
08 0.26375 0.285625 0.024969512195122 0.038719512195121986
16 0.0375 0.836875 0.05748214285714286 0.04123214285714283
20 0.9412499999999999 0.1575 0.027487499999999998 0.027487499999999998
