20 0.3075 0.979375 0.014983552631578967 0.013733552631578938
12 0.360625 0.041874999999999996 0.03624161073825505 0.05374161073825503
06 0.48061422413793103 0.09687499999999999 0.03122844827586202 0.07870689655172414
02 0.594375 0.445625 0.036244444444444524 0.043744444444444475
03 0.750625 0.904375 0.041238095238095074 0.028738095238095118
18 0.295625 0.7068749999999999 0.0187429775280899 0.0212429775280899
11 0.28500000000000003 0.514375 0.027495098039215737 0.028745098039215655
03 0.538125 0.22875 0.043706896551724106 0.02995689655172412
11 0.5631250000000001 0.899375 0.03372844827586208 0.03122844827586224
08 0.1 0.924375 0.04488636363636363 0.036136363636363744
14 0.446875 0.07 0.041235795454545476 0.032485795454545455
05 0.321875 0.029375 0.02121951219512197 0.04371951219512195
05 0.854375 0.7793749999999999 0.026232142857142815 0.028732142857142873
10 0.460625 0.769375 0.02873749999999997 0.023737499999999967
