05 0.17625 0.755 0.01748355263157897 0.04498355263157894
16 0.12875 0.8525 0.047491610738255044 0.03999161073825486
06 0.6743857758620689 0.373125 0.06872844827586211 0.08370689655172414
05 0.249375 0.443125 0.051244444444444426 0.023744444444444512
04 0.775 0.465625 0.027488095238095145 0.026238095238095283
05 0.5193767556179776 0.0525 0.03374648876404496 0.04499297752808988
03 0.280625 0.35125 0.031245098039215713 0.032495098039215686
10 0.643125 0.49124999999999996 0.026206896551724035 0.017456896551724166
06 0.6425000000000001 0.198125 0.029978448275862157 0.03872844827586208
13 0.18375 0.28125 0.08988636363636365 0.03488636363636366
15 0.836875 0.126875 0.06123579545454538 0.03873579545454546
12 0.755625 0.709375 0.03871951219512204 0.04121951219512199
04 0.494375 0.958125 0.03373214285714288 0.02373214285714287
