15 0.924375 0.39625 0.016233552631578996 0.019983552631578916
13 0.478125 0.229375 0.09374161073825499 0.023741610738255037
11 0.145625 0.32625 0.02870689655172412 0.01745689655172411
03 0.920625 0.34625 0.061244444444444324 0.0424944444444445
00 0.78375 0.455625 0.019988095238095194 0.021238095238095278
20 0.58 0.901875 0.02749297752808988 0.028742977528089853
12 0.188125 0.48625 0.02374509803921568 0.027495098039215682
14 0.2425 0.821875 0.024956896551724145 0.028706896551724093
13 0.77875 0.3875 0.03747844827586222 0.05997844827586207
03 0.388125 0.936875 0.018636363636363562 0.028636363636363793
03 0.5225 0.46125 0.012485795454545534 0.029985795454545494
14 0.178125 0.6793673780487806 0.03121951219512198 0.026234756097560985
