13 0.148125 0.2675 0.058733552631578964 0.044983552631578966
05 0.253125 0.9312499999999999 0.021241610738255035 0.03749161073825491
16 0.321875 0.62375 0.041206896551724104 0.03745689655172413
18 0.41375 0.9706250000000001 0.01749444444444448 0.01874444444444434
10 0.7306250000000001 0.295625 0.021238095238095167 0.018738095238095276
02 0.785 0.18374999999999997 0.01749297752808987 0.04999297752808987
13 0.04125 0.44937499999999997 0.00499509803921569 0.07124509803921569
12 0.53 0.06375 0.039956896551724075 0.03995689655172414
11 0.7518750000000001 0.55625 0.026228448275862237 0.029978448275862046
20 0.951875 0.8225 0.02363636363636379 0.019886363636363757
