03 0.275 0.53375 0.022483552631578974 0.029983552631578925
18 0.890625 0.166875 0.018741610738254977 0.021241610738255035
09 0.911875 0.7593749999999999 0.016206896551724137 0.011206896551724133
08 0.7618750000000001 0.08625 0.01874444444444434 0.01249444444444446
10 0.20750000000000002 0.046875 0.01248809523809527 0.01373809523809523
09 0.18312499999999998 0.31437499999999996 0.04374297752808984 0.031242977528089855
14 0.10125 0.655 0.014995098039215685 0.01999509803921573
00 0.86625 0.34687500000000004 0.019956896551724168 0.01870689655172414
15 0.686875 0.75875 0.03372844827586219 0.0174784482758622
13 0.93375 0.225 0.0748863636363637 0.04988636363636367
04 0.073125 0.629375 0.013735795454545452 0.01123579545454545
06 0.888125 0.8075 0.016219512195121966 0.012469512195121935
14 0.98875 0.25625 0.007482142857142771 0.027482142857142844
