14 0.344375 0.3425 0.02123355263157889 0.017483552631578914
18 0.685 0.7424999999999999 0.014991610738254946 0.017491610738254892
12 0.193125 0.701875 0.05120689655172414 0.03120689655172415
07 0.94 0.49750000000000005 0.017494444444444368 0.0399944444444445
14 0.1225 0.90375 0.03748809523809525 0.02248809523809514
09 0.0275 0.34375 0.01749297752808989 0.029992977528089826
03 0.5487512254901961 0.875625 0.014997549019607814 0.013745098039215753
03 0.565 0.60875 0.01745689655172422 0.024956896551724173
05 0.076875 0.891875 0.018728448275862064 0.026228448275862237
07 0.245625 0.915625 0.03613636363636369 0.018636363636363784
13 0.391875 0.94125 0.036235795454545416 0.037485795454545334
08 0.26687500000000003 0.22375 0.06871951219512198 0.06496951219512195
03 0.04125446428571428 0.02 0.004991071428571428 0.032482142857142855
