20 0.15625 0.420625 0.03998355263157896 0.038733552631578905
07 0.858125 0.69875 0.12374161073825496 0.052491610738254924
12 0.5387500000000001 0.7537499999999999 0.0649568965517241 0.07245689655172416
01 0.285625 0.573125 0.048744444444444424 0.03874444444444447
15 0.09875 0.70625 0.052488095238095236 0.05748809523809506
01 0.101875 0.864375 0.05874297752808988 0.05124297752808982
01 0.2425 0.333125 0.029995098039215712 0.02624509803921571
20 0.405625 0.284375 0.041206896551724104 0.026206896551724146
14 0.023125 0.201875 0.02622844827586207 0.06872844827586205
03 0.890625 0.879375 0.11363636363636376 0.053636363636363704
