05 0.585 0.9775041118421053 0.029983552631578925 0.044991776315789433
03 0.244375 0.388125 0.056241610738255066 0.048741610738255
03 0.16312500000000002 0.16312500000000002 0.023706896551724116 0.02870689655172412
01 0.265625 0.809375 0.016244444444444395 0.016244444444444395
18 0.286875 0.43875 0.02373809523809528 0.02748809523809531
01 0.62 0.433125 0.022492977528089764 0.021242977528089846
14 0.38687499999999997 0.5349999999999999 0.051245098039215675 0.032495098039215686
14 0.798125 0.61375 0.05870689655172412 0.032456896551724124
03 0.75125 0.33375 0.029978448275862157 0.06997844827586208
01 0.4175 0.074375 0.037386363636363606 0.03613636363636363
