09 0.856875 0.44375 0.02123355263157889 0.03748355263157893
14 0.961875 0.67875 0.04124161073825494 0.022491610738254897
15 0.28875 0.198125 0.01745689655172411 0.016206896551724137
11 0.9312499999999999 0.909375 0.027494444444444377 0.01874444444444434
15 0.169375 0.310625 0.028738095238095257 0.016238095238095274
20 0.16812499999999997 0.43625 0.021242977528089874 0.02249297752808982
09 0.25125 0.805625 0.019995098039215675 0.028745098039215655
04 0.123125 0.0575 0.026206896551724118 0.019956896551724154
13 0.256875 0.20937499999999998 0.03372844827586208 0.038728448275862054
07 0.32875 0.7299715909090909 0.06488636363636363 0.03244318181818184
