06 0.475 0.09 0.027483552631578922 0.01748355263157894
17 0.638125 0.885625 0.03624161073825494 0.031241610738254932
04 0.871875 0.499375 0.03120689655172415 0.0237068965517242
04 0.169375 0.4275 0.031244444444444436 0.014994444444444532
09 0.691875 0.85875 0.03373809523809512 0.037488095238095154
15 0.93875 0.525625 0.022492977528089875 0.036242977528089915
12 0.56375 0.445 0.027495098039215682 0.032495098039215686
07 0.5762499999999999 0.26937500000000003 0.029956896551724177 0.04370689655172416
15 0.116875 0.290625 0.028728448275862073 0.028728448275862073
09 0.45625000000000004 0.6675 0.04488636363636361 0.04238636363636372
03 0.845 0.910625 0.03998579545454528 0.0287357954545453
05 0.903125 0.134375 0.03621951219512198 0.021219512195121956
