13 0.378125 0.360625 0.17873355263157897 0.04373355263157891
06 0.11875000000000001 0.38187499999999996 0.08999161073825504 0.013741610738255028
03 0.29312499999999997 0.81 0.03370689655172415 0.05245689655172414
03 0.125 0.615 0.05749444444444446 0.027494444444444488
18 0.66875 0.50375 0.02248809523809514 0.024988095238095254
09 0.066875 0.21625 0.036242977528089894 0.02749297752808985
14 0.77625 0.59375 0.02249509803921579 0.03749509803921569
11 0.755 0.638125 0.029956896551724066 0.026206896551724035
03 0.09125 0.1625 0.022478448275862067 0.08497844827586205
00 0.54 0.039375 0.0323863636363636 0.026136363636363635
20 0.24 0.96 0.039985795454545475 0.024985795454545268
08 0.40125 0.823125 0.029969512195122006 0.07121951219512201
11 0.39625 0.460625 0.0374821428571428 0.026232142857142815
14 0.656875 0.8712500000000001 0.04123750000000004 0.04998749999999996
