01 0.5 0.568125 0.02998355263157887 0.02873355263157884
03 0.923125 0.739375 0.04374161073825489 0.04124161073825494
01 0.8843749999999999 0.815625 0.02120689655172414 0.016206896551724137
08 0.744373611111111 0.4225 0.06874722222222218 0.024994444444444486
13 0.125 0.23 0.11748809523809525 0.03498809523809526
04 0.674375 0.591875 0.043742977528089866 0.028742977528089853
13 0.19437500000000002 0.81 0.03874509803921569 0.09749509803921563
07 0.4625 0.7356142241379311 0.06995689655172416 0.043728448275862086
00 0.04375 0.5275 0.03747844827586207 0.0274784482758621
10 0.5306249999999999 0.049375 0.033636363636363575 0.02613636363636363
03 0.901875 0.489375 0.008735795454545281 0.0712357954545455
