14 0.39625 0.9568749999999999 0.03498355263157893 0.03873355263157896
13 0.9237500000000001 0.1525 0.04499161073825497 0.07999161073825505
11 0.3275 0.8556250000000001 0.03995689655172413 0.04120689655172416
08 0.8768750000000001 0.4125 0.04624444444444442 0.02249444444444454
12 0.6425 0.315625 0.054988095238095225 0.04873809523809525
09 0.95 0.03 0.04499297752808984 0.04749297752808989
08 0.5856250000000001 0.908748774509804 0.04124509803921572 0.042497549019607894
03 0.440625 0.485 0.02120689655172414 0.03745689655172413
05 0.5862499999999999 0.298125 0.01997844827586215 0.048728448275862035
20 0.87375 0.052500000000000005 0.03238636363636371 0.027386363636363632
13 0.545625 0.85875 0.11123579545454543 0.017485795454545316
11 0.6525000000000001 0.6425000000000001 0.04496951219512202 0.03496951219512201
00 0.65375 0.274375 0.04748214285714292 0.04123214285714283
01 0.075625 0.245 0.051237500000000005 0.03998750000000004
