18 0.33499999999999996 0.303125 0.02998355263157887 0.031233552631578954
03 0.171875 0.46499999999999997 0.04874161073825506 0.04999161073825503
18 0.81 0.5843750000000001 0.02745689655172423 0.03120689655172415
14 0.47875 0.201875 0.0399944444444445 0.051244444444444426
03 0.6675 0.92875 0.0924880952380952 0.04998809523809511
14 0.10500000000000001 0.896875 0.044992977528089895 0.03874297752808986
20 0.700625 0.845625 0.021245098039215704 0.0162450980392157
20 0.7725 0.118125 0.03495689655172407 0.031206896551724123
02 0.07625 0.911875 0.08997844827586207 0.03372844827586219
20 0.7324999999999999 0.355 0.04488636363636378 0.04238636363636361
