06 0.06437499999999999 0.516875 0.04123355263157895 0.1037335526315789
00 0.5725 0.794375 0.02999161073825496 0.02374161073825498
04 0.360625 0.5643750000000001 0.041206896551724104 0.03120689655172415
02 0.143125 0.5137499999999999 0.01624444444444445 0.04499444444444445
10 0.031875 0.69625 0.031238095238095235 0.027488095238095145
18 0.46125 0.94875 0.02749297752808988 0.029992977528089826
08 0.763125 0.10062499999999999 0.046245098039215615 0.046245098039215685
10 0.93625 0.849375 0.02745689655172412 0.018706896551724084
15 0.461875 0.080625 0.018728448275862064 0.02372844827586207
11 0.9575 0.8400000000000001 0.03238636363636371 0.02738636363636371
05 0.901875 0.13124999999999998 0.03873579545454531 0.019985795454545457
01 0.228125 0.6993750000000001 0.023719512195121972 0.016219512195121966
