06 0.2875 0.5137499999999999 0.09248355263157892 0.16748355263157888
18 0.889375 0.285625 0.031241610738254932 0.033741610738255046
06 0.30874999999999997 0.9312499999999999 0.052456896551724086 0.06245689655172415
00 0.14937499999999998 0.755625 0.03624444444444444 0.0362444444444443
02 0.69875 0.579375 0.03248809523809515 0.08123809523809522
10 0.673125 0.24625000000000002 0.043742977528089866 0.03499297752808986
17 0.298125 0.911875 0.061245098039215684 0.06374509803921569
19 0.6699999999999999 0.72 0.05245689655172414 0.05245689655172414
11 0.569375 0.819375 0.0587284482758621 0.036228448275862246
13 0.20187500000000003 0.14500000000000002 0.11363636363636367 0.08738636363636366
