11 0.954375 0.93875 0.0362335526315789 0.02498355263157892
06 0.16875 0.316875 0.01749161073825503 0.03624161073825505
15 0.7268749999999999 0.341875 0.01370689655172408 0.053706896551724115
14 0.778125 0.8968750000000001 0.021244444444444288 0.07124444444444433
08 0.8518720238095238 0.075 0.05374404761904761 0.042488095238095235
09 0.8875 0.755 0.04249297752808989 0.024992977528089932
11 0.421875 0.31625 0.04124509803921572 0.032495098039215686
03 0.43937499999999996 0.038125000000000006 0.0362068965517241 0.02620689655172414
04 0.14625 0.594375 0.03747844827586208 0.026228448275862126
14 0.241875 0.076875 0.041136363636363665 0.05613636363636363
07 0.748125 0.31937499999999996 0.026235795454545352 0.13873579545454545
