19 0.38 0.435625 0.02498355263157892 0.0362335526315789
06 0.2475 0.47875 0.10499161073825503 0.03249161073825502
14 0.10875000000000001 0.7475 0.03745689655172414 0.039956896551724186
01 0.5725 0.156875 0.039994444444444444 0.03374444444444444
03 0.7325 0.7206250000000001 0.027488095238095145 0.041238095238095185
03 0.521875 0.53125 0.0312429775280898 0.03249297752808977
17 0.95625 0.11374999999999999 0.03499509803921563 0.047495098039215686
03 0.23812499999999998 0.065 0.03620689655172413 0.02995689655172415
20 0.141875 0.7237499999999999 0.031228448275862075 0.02747844827586221
10 0.06375 0.778125 0.037386363636363634 0.03863636363636369
19 0.279375 0.944375 0.02123579545454546 0.0337357954545453
03 0.490625 0.65 0.038719512195121986 0.04996951219512202
05 0.37187499999999996 0.715625 0.038732142857142826 0.028732142857142873
13 0.40375 0.8374999999999999 0.07498749999999998 0.057487500000000025
