04 0.8731249999999999 0.504375 0.05373355263157886 0.04623355263157891
12 0.4275 0.6799999999999999 0.05499161073825504 0.05749161073825493
04 0.36875 0.23 0.07995689655172417 0.03745689655172413
14 0.22562500000000002 0.33875 0.06624444444444444 0.034994444444444495
00 0.20375 0.684375 0.04998809523809525 0.028738095238095118
10 0.28 0.21875 0.04249297752808984 0.039992977528089835
15 0.8049999999999999 0.365 0.02999509803921574 0.0449950980392157
04 0.36624999999999996 0.05562500000000001 0.05745689655172409 0.048706896551724145
07 0.05499999999999999 0.05125 0.02247844827586206 0.06747844827586207
12 0.368125 0.919375 0.11113636363636359 0.11363636363636365
07 0.91625 0.735 0.03998579545454528 0.04748579545454534
00 0.90375 0.3825 0.04996951219512191 0.04496951219512202
