00 0.5700000000000001 0.7775000000000001 0.04248355263157888 0.03248355263157887
17 0.4125 0.16562500000000002 0.04999161073825503 0.06124161073825504
07 0.105625 0.88 0.011206896551724133 0.11495689655172403
06 0.5725 0.8931236111111112 0.11999444444444451 0.1037472222222221
10 0.365 0.493125 0.047488095238095274 0.03873809523809524
10 0.534375 0.1175 0.03374297752808986 0.02749297752808988
13 0.14625 0.521875 0.1249950980392157 0.05624509803921568
06 0.9706250000000001 0.97 0.023706896551724088 0.03745689655172413
08 0.46125 0.485625 0.029978448275862046 0.06872844827586205
03 0.44437499999999996 0.15875 0.018636363636363618 0.04238636363636364
06 0.155 0.865625 0.027485795454545492 0.06623579545454539
20 0.40875 0.19187500000000002 0.027469512195121948 0.018719512195121996
03 0.743125 0.62875 0.11123214285714289 0.0374821428571428
15 0.483125 0.67875 0.05373750000000005 0.047487500000000016
