09 0.33499999999999996 0.181875 0.022483552631578918 0.02873355263157898
03 0.875 0.9568749999999999 0.017491610738255003 0.07874161073825492
03 0.16749999999999998 0.445625 0.024956896551724145 0.02120689655172414
01 0.7424999999999999 0.346875 0.03499444444444444 0.033744444444444466
14 0.17375000000000002 0.84125 0.02248809523809528 0.027488095238095034
12 0.070625 0.824375 0.026242977528089892 0.04874297752808987
14 0.9550000000000001 0.268125 0.01999509803921573 0.04874509803921567
12 0.143125 0.793125 0.038706896551724115 0.0387068965517241
04 0.861875 0.25187499999999996 0.026228448275862237 0.021228448275862066
10 0.14125 0.93875 0.02238636363636362 0.0173863636363637
15 0.450625 0.636875 0.013735795454545507 0.023735795454545405
