09 0.3725 0.6231249999999999 0.03248355263157887 0.04873355263157897
14 0.201875 0.555625 0.07874161073825503 0.02624161073825504
07 0.566260775862069 0.535 0.07747844827586203 0.02745689655172412
04 0.21125 0.660625 0.04749444444444442 0.033744444444444355
20 0.188125 0.9025 0.04123809523809527 0.02998809523809509
20 0.611875 0.5575 0.016242977528089786 0.012492977528089755
14 0.756875 0.7106250000000001 0.03374509803921566 0.06624509803921563
04 0.6799999999999999 0.833125 0.04495689655172408 0.04370689655172422
08 0.380625 0.39937500000000004 0.07372844827586206 0.048728448275862035
09 0.5431250000000001 0.3625 0.04113636363636364 0.047386363636363615
18 0.836875 0.630625 0.0337357954545453 0.03623579545454536
