02 0.28812499999999996 0.35562499999999997 0.03623355263157896 0.056233552631578865
00 0.35 0.7525 0.03249161073825507 0.01999161073825484
18 0.35375 0.6174999999999999 0.02995689655172412 0.032456896551724124
06 0.3912513888888889 0.175 0.047497222222222246 0.052494444444444455
07 0.241875 0.13375 0.06123809523809523 0.04248809523809523
13 0.065625 0.91875 0.043742977528089894 0.09499297752808988
00 0.95375 0.38749999999999996 0.027495098039215682 0.02499509803921568
06 0.39437500000000003 0.38875 0.0937068965517241 0.04245689655172413
01 0.48875 0.654375 0.034978448275861995 0.02372844827586218
18 0.77 0.15125 0.02738636363636371 0.029886363636363628
01 0.51875 0.89 0.042485795454545505 0.02498579545454538
03 0.74875 0.565 0.06996951219512193 0.07246951219512188
11 0.713125 0.494375 0.036232142857142824 0.031232142857142764
04 0.798125 0.911875 0.033737499999999976 0.03873750000000009
