01 0.47562499999999996 0.164375 0.0337335526315789 0.02873355263157898
01 0.198125 0.9293750000000001 0.01624161073825503 0.01624161073825492
11 0.6287499999999999 0.69875 0.039956896551724186 0.02745689655172412
15 0.3700013888888889 0.703125 0.01749722222222222 0.013744444444444337
13 0.7725 0.65875 0.11498809523809517 0.062488095238095176
05 0.2925 0.826875 0.034992977528089886 0.023742977528089848
14 0.5 0.46875 0.017495098039215673 0.052495098039215704
02 0.736875 0.6643749999999999 0.026206896551724035 0.03870689655172421
08 0.5643750000000001 0.06625 0.02372844827586207 0.022478448275862067
10 0.9762500000000001 0.76625 0.03488636363636377 0.022386363636363704
