02 0.496875 0.115625 0.031233552631578898 0.02623355263157895
11 0.525625 0.49375 0.03624161073825505 0.03749161073825508
06 0.14500000000000002 0.635614224137931 0.08995689655172415 0.07622844827586206
11 0.166875 0.8425 0.02874444444444446 0.037494444444444386
01 0.915 0.31875 0.037488095238095154 0.03498809523809526
20 0.8887499999999999 0.969375 0.02499297752808982 0.018742977528089844
08 0.47625 0.14 0.032495098039215686 0.02749509803921571
08 0.9775 0.703125 0.04245689655172413 0.0387068965517241
00 0.975625 0.7424999999999999 0.03872844827586219 0.03497844827586227
01 0.90625 0.5081249999999999 0.03488636363636366 0.023636363636363567
01 0.078125 0.155 0.026235795454545463 0.017485795454545483
10 0.7731250000000001 0.68625 0.04871951219512194 0.029969512195122006
