00 0.8668750000000001 0.6825 0.02123355263157889 0.012483552631578965
10 0.8343750000000001 0.15125 0.018741610738254866 0.01749161073825506
03 0.45 0.97875 0.032456896551724124 0.039956896551724075
10 0.764375 0.21437499999999998 0.023744444444444346 0.02624444444444443
20 0.078125 0.838125 0.016238095238095246 0.011238095238095047
03 0.035 0.29875 0.03749297752808989 0.03499297752808983
07 0.118125 0.6443749999999999 0.006245098039215691 0.05374509803921568
06 0.943125 0.13 0.053706896551724115 0.07995689655172412
00 0.65625 0.45125000000000004 0.02997844827586227 0.03247844827586205
07 0.756875 0.6587500000000001 0.04613636363636375 0.047386363636363615
03 0.28500000000000003 0.1375 0.012485795454545479 0.017485795454545455
15 0.65375 0.586875 0.01746951219512194 0.02871951219512192
