18 0.850625 0.734375 0.013733552631578938 0.016233552631578885
07 0.8574979026845637 0.40312499999999996 0.044995805369127506 0.03874161073825505
06 0.3775 0.53125 0.08745689655172417 0.009956896551724048
04 0.924375 0.9437500000000001 0.021244444444444288 0.027494444444444377
08 0.470625 0.7475 0.031238095238095287 0.029988095238095203
09 0.8375 0.246875 0.01749297752808987 0.031242977528089827
05 0.415625 0.78 0.018745098039215702 0.02999509803921574
13 0.218125 0.864375 0.06870689655172413 0.036206896551724155
06 0.2525 0.169375 0.07497844827586209 0.07122844827586206
01 0.390625 0.15812500000000002 0.023636363636363567 0.016136363636363643
08 0.141875 0.22062500000000002 0.03623579545454547 0.021235795454545486
