15 0.373125 0.12375 0.02123355263157889 0.01998355263157893
04 0.014374999999999999 0.31437499999999996 0.02374161073825503 0.018741610738255032
18 0.455625 0.366875 0.018706896551724084 0.02120689655172414
03 0.045 0.7949999999999999 0.017494444444444444 0.019994444444444315
13 0.30374999999999996 0.10125 0.049988095238095276 0.022488095238095238
06 0.360625 0.4175 0.0187429775280899 0.07249297752808986
13 0.19624999999999998 0.916875 0.06749509803921569 0.06124509803921563
10 0.880625 0.540625 0.028706896551724093 0.026206896551724146
07 0.14686961206896554 0.208125 0.028739224137931035 0.01372844827586206
03 0.586875 0.1325 0.0586363636363636 0.027386363636363625
00 0.6912499999999999 0.535625 0.02248579545454532 0.016235795454545454
