10 0.18312499999999998 0.52 0.06373355263157895 0.04248355263157888
12 0.7012499999999999 0.371875 0.07249161073825483 0.07374161073825503
04 0.556875 0.850625 0.046206896551724164 0.046206896551724164
07 0.576875 0.668125 0.0737444444444445 0.16374444444444447
03 0.43125 0.80125 0.06248809523809523 0.07998809523809514
18 0.6956249999999999 0.8225 0.04624297752808981 0.0474929775280899
02 0.45687500000000003 0.650625 0.08874509803921571 0.04874509803921567
10 0.8325 0.035 0.06745689655172415 0.05995689655172415
02 0.7975 0.298125 0.13997844827586214 0.09372844827586208
03 0.50625 0.8125 0.06988636363636358 0.06238636363636374
06 0.5843750000000001 0.8975 0.05623579545454549 0.0649857954545453
08 0.958125 0.33125 0.0662195121951219 0.09496951219512195
06 0.854375 0.68625 0.061232142857142735 0.03248214285714279
14 0.295 0.23625000000000002 0.057487500000000025 0.09998750000000003
