14 0.95625 0.0875 0.05998355263157895 0.037483552631578945
10 0.969375 0.7324999999999999 0.031241610738254932 0.0274916107382549
18 0.6799999999999999 0.76875 0.029956896551724177 0.032456896551724124
02 0.913125 0.625 0.08124444444444434 0.0524944444444444
03 0.33125 0.463125 0.047488095238095274 0.051238095238095305
10 0.890625 0.743125 0.04874297752808987 0.028742977528089853
04 0.738125 0.504375 0.04874509803921567 0.046245098039215726
03 0.636875 0.676875 0.036206896551724155 0.04120689655172405
10 0.90375 0.745 0.03747844827586222 0.03497844827586216
06 0.9199999999999999 0.7337499999999999 0.024886363636363762 0.12988636363636374
04 0.265625 0.745 0.05373579545454546 0.044985795454545396
13 0.51125 0.43999999999999995 0.06496951219512193 0.23746951219512197
16 0.7974955357142857 0.58875 0.06999107142857142 0.047482142857142806
