01 0.5193749999999999 0.755625 0.02123355263157889 0.01873355263157883
08 0.31625000000000003 0.61 0.05999161073825504 0.03749161073825502
08 0.17562499999999998 0.498125 0.033706896551724125 0.023706896551724088
14 0.031875 0.06874861111111112 0.03874444444444444 0.029997222222222238
01 0.474375 0.74 0.026238095238095283 0.017488095238095136
10 0.721875 0.468125 0.028742977528089853 0.018742977528089844
10 0.56375 0.1775 0.027495098039215682 0.024995098039215707
15 0.510625 0.5975 0.026206896551724146 0.04745689655172414
03 0.36875 0.925 0.034978448275862106 0.04747844827586223
13 0.875 0.16125 0.05238636363636373 0.062386363636363656
15 0.32437499999999997 0.476875 0.021235795454545514 0.031235795454545467
03 0.9531326219512195 0.33625 0.033734756097560936 0.04246951219512196
03 0.128125 0.94875 0.026232142857142857 0.07248214285714283
04 0.12875 0.9 0.027487500000000012 0.029987500000000056
