12 0.085625 0.62 0.036233552631578944 0.03998355263157882
19 0.9606250000000001 0.261875 0.038741610738254884 0.036241610738255076
00 0.830625 0.959375 0.02120689655172414 0.016206896551724137
10 0.59375 0.09937499999999999 0.03499444444444455 0.02374444444444447
04 0.385625 0.7424999999999999 0.021238095238095278 0.02248809523809514
07 0.11687499999999999 0.15125 0.023742977528089876 0.032492977528089884
03 0.711875 0.781875 0.018745098039215757 0.02624509803921571
20 0.8262499999999999 0.90125 0.014956896551724053 0.014956896551724164
10 0.6650053879310345 0.770625 0.024989224137931143 0.018728448275862286
13 0.740625 0.609375 0.1261363636363637 0.09113636363636368
06 0.33875 0.636875 0.019985795454545485 0.02123579545454546
20 0.44 0.1925 0.03496951219512201 0.03246951219512198
