14 0.614375 0.18312499999999998 0.013733552631578938 0.016233552631578968
20 0.72875 0.25125 0.009991610738254941 0.009991610738255025
06 0.545625 0.29125 0.043706896551724106 0.012456896551724106
10 0.715625 0.924375 0.016244444444444395 0.013744444444444448
00 0.825625 0.9175 0.01623809523809505 0.019988095238095083
14 0.905 0.871875 0.019992977528089817 0.018742977528089844
12 0.34750000000000003 0.31125 0.02499509803921568 0.01749509803921573
00 0.31625000000000003 0.30125 0.019956896551724113 0.019956896551724113
12 0.436875 0.11812500000000001 0.018728448275862064 0.02622844827586207
18 0.6368750000000001 0.910625 0.013636363636363669 0.016136363636363726
