02 0.136875 0.196875 0.023733552631578947 0.03623355263157896
11 0.874375 0.411875 0.02374161073825487 0.023741610738255037
10 0.29625 0.496875 0.02745689655172412 0.02120689655172414
14 0.5874999999999999 0.870625 0.022494444444444484 0.026244444444444293
06 0.22437500000000002 0.1543720238095238 0.08623809523809528 0.021244047619047635
14 0.39875 0.06875 0.022492977528089875 0.014992977528089882
20 0.16999999999999998 0.3175 0.02749509803921571 0.029995098039215684
02 0.325625 0.973125 0.026206896551724146 0.0237068965517242
03 0.9368749999999999 0.91875 0.0487284482758622 0.032478448275862215
06 0.956846590909091 0.29312499999999997 0.02119318181818186 0.09113636363636365
