02 0.329375 0.340625 0.023733552631578947 0.02123355263157889
10 0.985 0.15437499999999998 0.012491610738254888 0.013741610738255056
03 0.295 0.90125 0.01745689655172411 0.03495689655172418
09 0.47375 0.774375 0.022494444444444484 0.016244444444444395
15 0.920625 0.696875 0.011238095238095158 0.016238095238095163
18 0.381875 0.419375 0.01374297752808984 0.016242977528089897
03 0.229375 0.729375 0.023745098039215706 0.04874509803921567
19 0.78 0.9762500000000001 0.024956896551724173 0.01745689655172422
02 0.674375 0.6225 0.013728448275862282 0.022478448275862095
13 0.026875 0.6737500000000001 0.038636363636363635 0.039886363636363664
