20 0.505625 0.30375 0.026233552631578894 0.027483552631578978
03 0.6156249999999999 0.8625 0.11874161073825495 0.034991610738254963
06 0.791875 0.97375 0.11120689655172411 0.04495689655172419
14 0.43437499999999996 0.50125 0.023744444444444512 0.05499444444444451
08 0.36125 0.663125 0.03248809523809526 0.023738095238095114
19 0.65125 0.29000000000000004 0.03499297752808994 0.052492977528089846
12 0.504375 0.530625 0.08374509803921565 0.08624509803921576
14 0.12062499999999998 0.498125 0.08370689655172413 0.05620689655172406
15 0.30625 0.81625 0.029978448275862102 0.05497844827586218
06 0.90625 0.39875 0.012386363636363695 0.16488636363636366
