12 0.8131250000000001 0.246875 0.031233552631578898 0.033733552631578984
11 0.24375 0.5349999999999999 0.02499161073825501 0.022491610738255008
06 0.7637499999999999 0.400625 0.012456896551724106 0.023706896551724144
13 0.44375 0.411875 0.04999444444444451 0.04874444444444448
03 0.575 0.6812499999999999 0.02248809523809525 0.044988095238095105
10 0.38 0.87625 0.01749297752808987 0.012492977528089866
15 0.08499999999999999 0.17125 0.00999509803921568 0.019995098039215703
13 0.8968750000000001 0.354375 0.03120689655172415 0.07620689655172413
06 0.649375 0.639375 0.018728448275862175 0.05122844827586215
01 0.880625 0.128125 0.023636363636363678 0.026136363636363652
14 0.876875 0.5218750000000001 0.026235795454545352 0.03623579545454547
00 0.464375 0.75125 0.028719512195121977 0.029969512195122006
00 0.35625 0.84375 0.019982142857142837 0.022482142857142895
