10 0.685 0.144375 0.022483552631578863 0.018733552631578942
14 0.49125 0.39249999999999996 0.02999161073825507 0.06499161073825505
16 0.19375 0.424375 0.05245689655172414 0.036206896551724155
04 0.43000000000000005 0.289375 0.034994444444444495 0.023744444444444457
06 0.9293750000000001 0.78 0.06873809523809504 0.05998809523809512
07 0.56125 0.38687499999999997 0.04249297752808989 0.0187429775280899
00 0.33687500000000004 0.729375 0.043745098039215724 0.03374509803921577
11 0.746875 0.46875 0.036206896551724044 0.02745689655172412
18 0.13125 0.92 0.01997844827586205 0.022478448275862206
07 0.11 0.47125 0.02238636363636362 0.06488636363636358
03 0.12687144886363635 0.489375 0.048742897727272735 0.04373579545454542
