15 0.649375 0.31499999999999995 0.01123355263157888 0.024983552631578976
07 0.7268770973154364 0.309375 0.031245805369127466 0.01624161073825503
04 0.910625 0.484375 0.03120689655172415 0.02120689655172414
07 0.2375 0.5225 0.019994444444444426 0.02499444444444443
20 0.34750000000000003 0.080625 0.014988095238095245 0.016238095238095232
03 0.114375 0.18375 0.018742977528089885 0.014992977528089868
20 0.6225 0.451875 0.014995098039215615 0.013745098039215697
10 0.201875 0.38187499999999996 0.023706896551724144 0.02620689655172409
03 0.8943749999999999 0.921875 0.03872844827586219 0.03122844827586224
12 0.23375 0.45625 0.03988636363636369 0.037386363636363606
