08 0.7275 0.060625 0.01748355263157897 0.018733552631578963
01 0.0375 0.5825 0.022491610738255032 0.014991610738255057
04 0.971875 0.05 0.0337068965517241 0.022456896551724143
10 0.5900000000000001 0.69625 0.029994444444444546 0.019994444444444315
00 0.028749999999999998 0.655 0.02748809523809524 0.017488095238095136
05 0.530625 0.8943749999999999 0.036242977528089915 0.023742977528089848
00 0.32437499999999997 0.64875 0.02874509803921571 0.027495098039215682
01 0.375 0.423125 0.019956896551724168 0.01620689655172408
20 0.794375 0.8474999999999999 0.026228448275862237 0.024978448275862264
02 0.733125 0.59625 0.03863636363636369 0.06488636363636358
01 0.555625 0.7106250000000001 0.03623579545454547 0.02873579545454541
12 0.838125 0.840625 0.03871951219512204 0.053719512195122054
