01 0.695625 0.30437499999999995 0.04623355263157891 0.03623355263157896
13 0.295 0.635625 0.07249161073825505 0.048741610738255
06 0.348125 0.7475 0.14870689655172414 0.019956896551724168
04 0.23 0.77 0.042494444444444446 0.02499444444444432
13 0.6243749999999999 0.34187500000000004 0.1337380952380952 0.14373809523809528
03 0.94 0.22625 0.027492977528089768 0.03749297752808986
03 0.5800000000000001 0.3025 0.05499509803921565 0.032495098039215686
10 0.09812499999999999 0.46875 0.028706896551724134 0.029956896551724177
13 0.691875 0.535 0.06622844827586216 0.07497844827586203
15 0.18875 0.79375 0.052386363636363675 0.057386363636363735
15 0.7537499999999999 0.6837500000000001 0.05248579545454535 0.019985795454545374
