20 0.54 0.926875 0.012483552631578854 0.011233552631578991
20 0.40312499999999996 0.941875 0.018741610738255032 0.018741610738254977
15 0.595 0.15875 0.01745689655172411 0.024956896551724117
08 0.42375 0.808125 0.01749444444444448 0.033744444444444355
20 0.080625 0.513125 0.016238095238095232 0.016238095238095274
10 0.09375 0.91 0.0199929775280899 0.009992977528089808
03 0.523125 0.433125 0.0162450980392157 0.03874509803921572
09 0.7562500000000001 0.46187500000000004 0.019956896551724168 0.023706896551724144
03 0.743125 0.541875 0.08622844827586218 0.05122844827586204
18 0.2525 0.52 0.01488636363636367 0.01738636363636359
03 0.6125 0.43125 0.02498579545454549 0.0374857954545455
04 0.970625 0.503125 0.03121951219512198 0.026219512195121975
06 0.24875 0.23625000000000002 0.017482142857142835 0.05748214285714284
