16 0.203125 0.27375 0.04873355263157897 0.03248355263157898
04 0.53125 0.584375 0.024991610738255066 0.02624161073825504
06 0.09063577586206897 0.539989224137931 0.07122844827586208 0.049978448275862064
12 0.72 0.105625 0.04999444444444434 0.038744444444444456
13 0.785625 0.265625 0.08373809523809506 0.03623809523809529
03 0.5856250000000001 0.768125 0.026242977528089795 0.016242977528089786
13 0.925 0.739375 0.13749509803921567 0.06124509803921563
18 0.754375 0.48062499999999997 0.0237068965517242 0.02620689655172409
01 0.426875 0.328125 0.021228448275862066 0.016228448275862117
10 0.22999999999999998 0.8143750000000001 0.03488636363636369 0.0336363636363638
06 0.15187499999999998 0.665625 0.01373579545454548 0.0287357954545453
01 0.034374999999999996 0.6581250000000001 0.01871951219512195 0.016219512195121966
