14 0.810625 0.14875 0.016233552631578885 0.014983552631578939
01 0.260625 0.553125 0.013741610738255083 0.01624161073825503
00 0.6643749999999999 0.405625 0.02120689655172414 0.016206896551724137
10 0.02375 0.87375 0.014994444444444442 0.009994444444444306
12 0.9750000000000001 0.445 0.024988095238095087 0.027488095238095256
18 0.81 0.039999999999999994 0.012492977528089866 0.014992977528089889
14 0.09687499999999999 0.6275 0.016245098039215686 0.024995098039215624
01 0.5525 0.7618750000000001 0.009956896551724048 0.011206896551724133
01 0.078125 0.23375 0.011228448275862057 0.012478448275862059
13 0.6737500000000001 0.9456249999999999 0.03488636363636377 0.04613636363636375
12 0.039999999999999994 0.9762500000000001 0.022485795454545453 0.02248579545454532
01 0.65625 0.199375 0.01746951219512205 0.013719512195121963
