11 0.1775 0.16749999999999998 0.03248355263157898 0.03498355263157896
03 0.419375 0.1925 0.02624161073825504 0.03749161073825505
10 0.409375 0.6725 0.0337068965517241 0.029956896551724066
08 0.70875 0.9112499999999999 0.012494444444444364 0.13249444444444436
03 0.6893750000000001 0.68125 0.041238095238095185 0.0399880952380951
17 0.6975 0.24375 0.039992977528089835 0.04249297752808984
20 0.921875 0.14625 0.04124509803921561 0.03749509803921569
11 0.21 0.359375 0.03745689655172413 0.0387068965517241
04 0.134375 0.5625 0.03122844827586206 0.024978448275862153
09 0.4975 0.050625 0.019886363636363646 0.04363636363636364
19 0.049999999999999996 0.15250000000000002 0.029985795454545452 0.03248579545454547
00 0.375625 0.5237499999999999 0.03621951219512198 0.027469512195121948
