07 0.639375 0.229375 0.033733552631578956 0.07623355263157894
00 0.93125 0.10625 0.04499161073825486 0.03749161073825505
14 0.8206249999999999 0.931875 0.03870689655172421 0.02120689655172414
02 0.71375 0.485 0.09999444444444427 0.022494444444444484
14 0.8987499999999999 0.48062499999999997 0.029988095238095203 0.04373809523809524
04 0.714375 0.55375 0.043742977528089866 0.032492977528089884
10 0.8512500000000001 0.845 0.04499509803921564 0.03749509803921569
20 0.485 0.20625 0.019956896551724113 0.022456896551724143
02 0.8025 0.11625 0.04747844827586212 0.07997844827586206
12 0.07 0.425 0.04738636363636363 0.05238636363636362
09 0.115625 0.943125 0.028735795454545465 0.048735795454545316
14 0.463125 0.435625 0.03621951219512198 0.03121951219512198
