14 0.961875 0.133125 0.04623355263157891 0.04123355263157895
14 0.561875 0.473125 0.056241610738255066 0.05124161073825506
14 0.660625 0.555625 0.018706896551724084 0.0812068965517242
06 0.11812500000000001 0.43125 0.08124444444444445 0.047494444444444506
00 0.375 0.829375 0.03498809523809532 0.03373809523809512
01 0.84625 0.575 0.027492977528089768 0.022492977528089875
14 0.74 0.349375 0.049995098039215646 0.038745098039215664
03 0.34375 0.270625 0.02745689655172412 0.07870689655172414
13 0.15875 0.79 0.06747844827586208 0.11747844827586218
08 0.225625 0.239375 0.02613636363636368 0.0486363636363637
15 0.744375 0.9625 0.06123579545454527 0.03998579545454528
08 0.30874999999999997 0.6000000000000001 0.02996951219512195 0.09746951219512201
07 0.5762499999999999 0.719375 0.0274821428571429 0.05623214285714284
