14 0.619375 0.041875 0.02123355263157889 0.04123355263157895
02 0.73125 0.60625 0.03999161073825486 0.0699916107382551
03 0.24812499999999998 0.08625 0.021206896551724114 0.017456896551724138
06 0.193125 0.66625 0.018744444444444425 0.019994444444444426
15 0.489375 0.19 0.06873809523809521 0.01998809523809525
01 0.21687499999999998 0.059375 0.03624297752808983 0.02874297752808988
11 0.295625 0.71625 0.02874509803921571 0.022495098039215677
08 0.704375 0.391875 0.04120689655172416 0.05120689655172411
07 0.355 0.79375 0.04247844827586206 0.06497844827586219
10 0.021249999999999998 0.040625 0.017386363636363637 0.01613636363636363
