09 0.8206291118421052 0.155625 0.038741776315789456 0.02623355263157895
12 0.315 0.28312499999999996 0.01999161073825506 0.023741610738255037
13 0.2975 0.390625 0.02995689655172412 0.04120689655172416
13 0.669375 0.92875 0.02874444444444435 0.047494444444444395
13 0.7224999999999999 0.415625 0.03248809523809515 0.021238095238095278
03 0.016875 0.5575 0.02624297752808989 0.014992977528089924
00 0.375 0.93875 0.027495098039215682 0.027495098039215682
07 0.09437499999999999 0.1875 0.031206896551724136 0.024956896551724117
05 0.928125 0.121875 0.01372844827586217 0.028728448275862045
07 0.8225 0.96125 0.012386363636363695 0.07238636363636375
03 0.579375 0.74875 0.051235795454545485 0.027485795454545325
16 0.47125 0.705625 0.019969512195121997 0.03621951219512198
