10 0.78375 0.535 0.02498355263157881 0.027483552631578867
20 0.1175 0.385625 0.027491610738255054 0.023741610738255092
14 0.6175 0.036875000000000005 0.02745689655172412 0.03620689655172414
04 0.5249999999999999 0.874375 0.022494444444444484 0.023744444444444346
20 0.6125 0.238125 0.02498809523809531 0.016238095238095274
04 0.7024999999999999 0.071875 0.022492977528089875 0.018742977528089885
03 0.298125 0.86625 0.06374509803921574 0.08749509803921562
14 0.0725 0.05625 0.017456896551724138 0.017456896551724152
20 0.409375 0.039375 0.02372844827586207 0.02122844827586207
02 0.47875 0.384375 0.022386363636363593 0.028636363636363626
01 0.405 0.4275 0.012485795454545479 0.009985795454545476
18 0.940625 0.7362500000000001 0.018719512195121912 0.022469512195122054
15 0.361875 0.143125 0.026232142857142815 0.056232142857142856
10 0.33625 0.669375 0.02498750000000005 0.02123749999999991
