16 0.64375 0.251875 0.054983552631578836 0.09123355263157898
15 0.421875 0.290625 0.11624161073825501 0.08374161073825506
09 0.68625 0.38 0.06745689655172415 0.049956896551724084
18 0.27437500000000004 0.09937499999999999 0.038744444444444415 0.038744444444444456
07 0.8274999999999999 0.8925000000000001 0.09498809523809515 0.12748809523809512
04 0.47 0.916875 0.05749297752808985 0.03874297752808986
00 0.134375 0.29625 0.07624509803921568 0.05999509803921571
03 0.81125 0.09687499999999999 0.09245689655172418 0.08870689655172413
01 0.424375 0.47625 0.04622844827586203 0.0274784482758621
10 0.95 0.24875000000000003 0.039886363636363664 0.02488636363636368
02 0.6331249999999999 0.1675 0.14623579545454535 0.06248579545454547
12 0.2375 0.48812500000000003 0.12996951219512198 0.13871951219512196
