04 0.9375 0.39875000000000005 0.019983552631578805 0.017483552631578914
05 0.441875 0.8043750000000001 0.018741610738255032 0.01624161073825492
04 0.7224999999999999 0.891875 0.022456896551724115 0.02120689655172414
03 0.7475 0.89125 0.009994444444444306 0.04499444444444434
01 0.616875 0.729375 0.021238095238095278 0.016238095238095163
18 0.55125 0.06375 0.012492977528089866 0.014992977528089896
08 0.0325 0.946875 0.032495098039215686 0.02624509803921571
01 0.34750000000000003 0.31625000000000003 0.019956896551724113 0.014956896551724108
04 0.433125 0.673125 0.02622844827586207 0.01372844827586217
14 0.579375 0.964375 0.02863636363636357 0.023636363636363678
18 0.735 0.2825 0.01498579545454537 0.017485795454545483
03 0.524375 0.858125 0.02121951219512197 0.018719512195122023
