15 0.546875 0.24562499999999998 0.011233552631578991 0.026233552631578977
04 0.590625 0.7875 0.02374161073825498 0.01999161073825495
14 0.131875 0.58125 0.031206896551724136 0.02745689655172412
13 0.448125 0.345 0.05124444444444454 0.0374944444444445
15 0.5956250000000001 0.28500000000000003 0.013738095238095327 0.024988095238095254
11 0.74 0.3225 0.02749297752808988 0.01749297752808987
11 0.35 0.09812499999999999 0.027495098039215682 0.026245098039215695
11 0.84375 0.88 0.02745689655172412 0.019956896551724057
09 0.42625 0.326875 0.01247844827586203 0.028728448275862017
12 0.9762500000000001 0.971875 0.029886363636363655 0.02113636363636373
14 0.610625 0.78375 0.031235795454545467 0.014985795454545259
