19 0.040625 0.578125 0.04373355263157895 0.033733552631578956
12 0.55 0.778125 0.03999161073825508 0.03624161073825494
12 0.545 0.721875 0.057456896551724146 0.08370689655172414
15 0.548125 0.698125 0.023744444444444457 0.023744444444444346
06 0.543125 0.701875 0.06373809523809526 0.0662380952380951
18 0.04625 0.62375 0.02499297752808989 0.02749297752808988
12 0.734375 0.546875 0.03624509803921572 0.06874509803921569
19 0.5762499999999999 0.116875 0.012456896551724106 0.02120689655172414
07 0.353125 0.1825 0.048728448275862035 0.06747844827586208
10 0.42125 0.77125 0.0298863636363636 0.022386363636363704
20 0.906875 0.7925 0.031235795454545245 0.02498579545454538
03 0.6581250000000001 0.553125 0.03371951219512204 0.03121951219512198
07 0.9175 0.239375 0.05498214285714287 0.036232142857142824
05 0.379375 0.691246875 0.038737500000000036 0.027493749999999983
