14 0.19125 0.26625 0.024983552631578976 0.05748355263157898
20 0.6950000000000001 0.81375 0.024991610738254955 0.014991610738254946
13 0.84875 0.84625 0.08745689655172417 0.23995689655172414
11 0.8275 0.139375 0.04249444444444439 0.033744444444444466
13 0.128125 0.625 0.13873809523809524 0.12748809523809523
09 0.5131249999999999 0.438125 0.058742977528089824 0.06624297752808983
13 0.653125 0.355 0.10874509803921562 0.06249509803921566
07 0.338125 0.71375 0.028706896551724093 0.10995689655172414
19 0.781875 0.26875 0.03122844827586224 0.04747844827586209
10 0.964375 0.25625000000000003 0.03113636363636374 0.029886363636363683
02 0.301875 0.47375 0.14373579545454548 0.047485795454545454
