14 0.646875 0.089375 0.0362335526315789 0.033733552631578956
13 0.701875 0.146875 0.026241610738254928 0.02874161073825504
13 0.2 0.626875 0.027456896551724147 0.08870689655172415
03 0.935 0.916875 0.057494444444444404 0.033744444444444355
19 0.32125 0.864375 0.037488095238095265 0.01873809523809511
07 0.869375 0.24125000000000002 0.05874297752808988 0.012492977528089838
08 0.103125 0.31437499999999996 0.04124509803921568 0.061245098039215684
03 0.694375 0.9750000000000001 0.07120689655172419 0.032456896551724124
14 0.5818749999999999 0.545625 0.02372844827586207 0.03372844827586208
08 0.76875 0.7168749999999999 0.02738636363636371 0.0486363636363637
06 0.286875 0.5175 0.08623579545454549 0.08248579545454543
03 0.6125 0.29125 0.03246951219512206 0.05996951219512198
16 0.501875 0.316875 0.03373214285714282 0.04373214285714283
