10 0.95875 0.975 0.014983552631578911 0.014983552631578911
02 0.2962520973154362 0.19125 0.02249580536912754 0.01749161073825506
14 0.08812500000000001 0.125625 0.016206896551724123 0.021206896551724128
00 0.589375 0.65 0.016244444444444506 0.01499444444444431
14 0.665625 0.084375 0.02623809523809517 0.02623809523809524
18 0.849375 0.204375 0.011242977528089781 0.01374297752808984
03 0.700625 0.255625 0.02374509803921565 0.04374509803921567
02 0.6268750000000001 0.96875 0.06120689655172418 0.012456896551724217
01 0.88375 0.074375 0.012478448275862197 0.01372844827586206
12 0.4175 0.06875 0.0323863636363636 0.03238636363636364
