12 0.32625 0.716875 0.05248355263157889 0.05623355263157892
03 0.209375 0.94375 0.031241610738255043 0.01999161073825495
14 0.489375 0.15812500000000002 0.0387068965517241 0.02870689655172412
03 0.383125 0.57 0.036244444444444524 0.047494444444444506
07 0.0675 0.037497023809523806 0.024988095238095233 0.017494047619047614
18 0.909375 0.1875 0.018742977528089844 0.019992977528089872
08 0.38249877450980396 0.56 0.04249754901960784 0.024995098039215624
18 0.06875 0.4625 0.017456896551724145 0.019956896551724113
01 0.49187499999999995 0.8143750000000001 0.011228448275862057 0.008728448275862166
12 0.47062499999999996 0.250625 0.028636363636363626 0.031136363636363684
02 0.024375 0.71625 0.008735795454545454 0.027485795454545325
04 0.6781250000000001 0.9825 0.026219512195121975 0.019969512195121997
03 0.235 0.38125 0.017482142857142807 0.019982142857142837
06 0.348125 0.388125 0.0637375 0.05123750000000005
