02 0.29562499999999997 0.73125 0.05623355263157892 0.03498355263157882
13 0.23125 0.78125 0.07499161073825503 0.12249161073825499
13 0.14125 0.5606249999999999 0.13745689655172413 0.07370689655172413
03 0.042499999999999996 0.8049999999999999 0.02999444444444444 0.03499444444444444
16 0.63 0.755 0.06748809523809518 0.044988095238095216
07 0.68875 0.460625 0.07999297752808987 0.061242977528089826
14 0.684375 0.91125 0.04124509803921572 0.02249509803921579
10 0.88 0.43374999999999997 0.03495689655172418 0.02995689655172412
06 0.14375 0.6925 0.044978448275862046 0.10497844827586222
14 0.17500000000000002 0.634375 0.029886363636363655 0.04113636363636375
20 0.7518750000000001 0.659375 0.03623579545454525 0.0337357954545453
06 0.735 0.140625 0.07496951219512193 0.08371951219512196
01 0.391875 0.6975 0.02623214285714287 0.02498214285714284
18 0.7406250000000001 0.576875 0.02873749999999997 0.03123750000000003
