03 0.9081250000000001 0.5706249999999999 0.09623355263157884 0.05623355263157881
06 0.955 0.621875 0.052491610738254924 0.04624161073825506
06 0.163125 0.30374999999999996 0.12870689655172413 0.14995689655172412
09 0.10312500000000001 0.734375 0.051244444444444454 0.043744444444444364
12 0.5375000000000001 0.271875 0.06998809523809524 0.10373809523809527
03 0.7731250000000001 0.30625 0.05124297752808993 0.034992977528089886
17 0.6843762254901962 0.41312499999999996 0.053747549019607876 0.061245098039215684
03 0.6568750000000001 0.44999999999999996 0.043706896551724106 0.034956896551724126
07 0.295625 0.231875 0.023728448275862013 0.14372844827586206
03 0.1693465909090909 0.43125 0.05619318181818184 0.0923863636363636
