03 0.970625 0.8875 0.026233552631578894 0.04498355263157883
06 0.71 0.59 0.11249161073825487 0.017491610738255003
04 0.31437499999999996 0.48250000000000004 0.0362068965517241 0.03995689655172413
14 0.034999999999999996 0.2625 0.02499444444444444 0.04499444444444445
10 0.08625 0.92125 0.027488095238095242 0.027488095238095145
07 0.3268767556179776 0.3375 0.028746488764044897 0.03249297752808983
14 0.7793749999999999 0.485 0.05124509803921573 0.054995098039215706
10 0.5675 0.87 0.03495689655172418 0.024956896551724173
10 0.43937499999999996 0.9750000000000001 0.021228448275862066 0.0174784482758622
11 0.07250000000000001 0.76 0.02738636363636364 0.02738636363636382
15 0.19 0.12625 0.02498579545454549 0.012485795454545479
07 0.4950076219512195 0.64375 0.017484756097561005 0.05996951219512192
08 0.9212455357142857 0.433125 0.02249107142857143 0.021232142857142866
