20 0.320625 0.0425 0.018733552631578942 0.01248355263157895
17 0.595 0.7425 0.04499161073825508 0.032491610738254906
04 0.035 0.665 0.03495689655172414 0.032456896551724124
04 0.92125 0.704375 0.02499444444444432 0.01874444444444434
18 0.766875 0.37124999999999997 0.023738095238095114 0.024988095238095254
03 0.29125 0.19874999999999998 0.05499297752808985 0.032492977528089856
02 0.416875 0.17 0.013745098039215697 0.03749509803921569
14 0.535625 0.5449999999999999 0.01370689655172419 0.02495689655172406
06 0.47375 0.04375 0.04747844827586206 0.019978448275862065
06 0.17125 0.39 0.08488636363636365 0.04488636363636361
05 0.9325 0.610625 0.03998579545454528 0.02123579545454546
03 0.43625 0.563125 0.024969512195121946 0.033719512195121926
07 0.6968749999999999 0.32125 0.011232142857142802 0.08748214285714284
16 0.9025 0.954375 0.04248750000000001 0.03123750000000003
