19 0.8262499999999999 0.638125 0.04498355263157883 0.043733552631578854
20 0.776875 0.320625 0.03374161073825488 0.02624161073825504
04 0.578125 0.43374999999999997 0.04120689655172405 0.03995689655172413
08 0.271875 0.49375 0.031244444444444464 0.04499444444444456
07 0.66875 0.9525 0.04998809523809511 0.01498809523809519
15 0.435 0.109375 0.03749297752808989 0.023742977528089876
03 0.936875 0.1875 0.05874509803921568 0.0474950980392157
14 0.615625 0.315 0.036206896551724155 0.04495689655172408
00 0.3075 0.5925 0.04747844827586206 0.039978448275862055
18 0.57875 0.053750000000000006 0.029886363636363544 0.03238636363636364
03 0.630625 0.206875 0.0812357954545454 0.026235795454545463
06 0.5875 0.205625 0.06496951219512193 0.10871951219512196
06 0.354375 0.076875 0.03123214285714282 0.02873214285714286
11 0.455625 0.634375 0.033737499999999976 0.04123750000000004
