03 0.15625 0.35062499999999996 0.08998355263157896 0.05873355263157892
18 0.375625 0.73125 0.04124161073825505 0.04499161073825497
06 0.55 0.225625 0.02495689655172406 0.18120689655172412
04 0.41125 0.14375 0.05499444444444446 0.039994444444444444
15 0.7450000000000001 0.863125 0.06498809523809512 0.03873809523809513
05 0.39249999999999996 0.13124999999999998 0.024992977528089877 0.06249297752808988
20 0.85 0.750625 0.049995098039215646 0.038745098039215664
11 0.608125 0.22999999999999998 0.06620689655172418 0.04745689655172411
07 0.70125 0.31562500000000004 0.022478448275862206 0.06872844827586205
12 0.39749999999999996 0.31875 0.0973863636363636 0.05238636363636362
20 0.56125 0.709375 0.04998579545454551 0.03623579545454536
