10 0.16125 0.47187500000000004 0.024983552631578948 0.018733552631578887
15 0.236875 0.7987500000000001 0.021241610738255035 0.05499161073825498
20 0.61 0.29500000000000004 0.024956896551724173 0.024956896551724117
15 0.8518749999999999 0.046875 0.008744444444444333 0.03874444444444444
10 0.71375 0.565625 0.02248809523809503 0.021238095238095278
04 0.218125 0.96875 0.03374297752808983 0.039992977528089835
10 0.311875 0.946875 0.031245098039215713 0.02624509803921571
18 0.395625 0.52625 0.02120689655172414 0.024956896551724173
07 0.32375 0.7887500000000001 0.03747844827586205 0.03747844827586222
11 0.8981250000000001 0.41625 0.0336363636363638 0.024886363636363595
10 0.685625 0.1275 0.0287357954545453 0.019985795454545485
08 0.49624999999999997 0.824375 0.01996951219512194 0.05371951219512194
