03 0.145625 0.856875 0.02873355263157895 0.06373355263157887
02 0.38 0.21875 0.022491610738255008 0.06749161073825505
14 0.1225 0.042499999999999996 0.09745689655172414 0.052456896551724135
12 0.166875 0.473125 0.07124444444444444 0.06124444444444449
13 0.17062500000000003 0.7731250000000001 0.04123809523809527 0.10873809523809508
05 0.48187500000000005 0.06125 0.041242977528089864 0.0549929775280899
07 0.200625 0.92875 0.22624509803921566 0.05749509803921571
15 0.5675 0.34875 0.019956896551724057 0.04245689655172413
14 0.155625 0.208125 0.04872844827586206 0.061228448275862046
06 0.5081249999999999 0.76375 0.013636363636363558 0.05238636363636373
14 0.448125 0.46375 0.02123579545454546 0.04498579545454551
04 0.15250000000000002 0.4575 0.04996951219512194 0.04246951219512196
