11 0.14750000000000002 0.11375 0.019983552631578944 0.014983552631578939
12 0.80625 0.666875 0.01999161073825495 0.02374161073825487
12 0.021875 0.74125 0.01870689655172414 0.019956896551724168
10 0.39 0.92125 0.024994444444444486 0.022494444444444373
03 0.6381249999999999 0.045625 0.023738095238095225 0.03123809523809523
12 0.65625 0.138125 0.029992977528089826 0.0187429775280899
20 0.813125 0.639375 0.013745098039215753 0.013745098039215642
05 0.37812500000000004 0.791875 0.013706896551724135 0.026206896551724146
01 0.663125 0.459375 0.018728448275862175 0.018728448275862064
15 0.486875 0.97875 0.011136363636363611 0.009886363636363749
16 0.030625 0.8262499999999999 0.031235795454545454 0.019985795454545374
07 0.22499999999999998 0.7625 0.029969512195121978 0.04996951219512191
00 0.569375 0.2175 0.02373214285714287 0.019982142857142837
