04 0.066875 0.90625 0.026233552631578956 0.017483552631578858
19 0.43437499999999996 0.56625 0.023741610738255037 0.027491610738255012
02 0.09562499999999999 0.24125 0.04370689655172415 0.024956896551724117
10 0.608125 0.10625 0.043744444444444475 0.032494444444444465
08 0.064375 0.268125 0.006238095238095237 0.023738095238095225
07 0.43374999999999997 0.125625 0.07249297752808986 0.023742977528089876
01 0.843125 0.576875 0.028745098039215655 0.02374509803921565
19 0.041875 0.96875 0.03120689655172414 0.02745689655172412
20 0.195625 0.49625 0.016228448275862062 0.012478448275862086
02 0.11249999999999999 0.796221590909091 0.062386363636363615 0.022443181818181834
02 0.6475 0.683125 0.017485795454545316 0.031235795454545356
10 0.290625 0.736875 0.02121951219512197 0.018719512195121912
