20 0.5625 0.91875 0.012483552631578965 0.009983552631578907
06 0.05437500000000001 0.8600000000000001 0.09624161073825505 0.09999161073825491
05 0.215 0.9137500000000001 0.03995689655172413 0.019956896551724168
06 0.73 0.6337499999999999 0.047494444444444284 0.11249444444444445
13 0.23375 0.756875 0.07998809523809527 0.013738095238095105
04 0.426875 0.80125 0.031242977528089855 0.03499297752808983
13 0.04125 0.133125 0.029995098039215684 0.0462450980392157
18 0.393125 0.981875 0.023706896551724088 0.026206896551724035
19 0.5018750000000001 0.875 0.03122844827586213 0.017478448275862313
11 0.039375 0.056875 0.03363636363636363 0.023636363636363636
07 0.12125 0.23125 0.05248579545454546 0.08248579545454549
13 0.785625 0.294375 0.10371951219512199 0.061219512195122006
09 0.43437499999999996 0.26875 0.06873214285714285 0.06248214285714282
