20 0.40249999999999997 0.7931250000000001 0.01248355263157891 0.008733552631578934
01 0.446875 0.056249999999999994 0.02874161073825504 0.019991610738255026
01 0.263125 0.430625 0.02120689655172414 0.02120689655172414
06 0.34187500000000004 0.0225 0.0662444444444445 0.042494444444444446
04 0.1575 0.35250000000000004 0.01998809523809525 0.014988095238095245
16 0.119375 0.041874999999999996 0.026242977528089878 0.041242977528089884
01 0.473125 0.903125 0.021245098039215704 0.0162450980392157
04 0.81 0.941875 0.022456896551724115 0.02120689655172414
05 0.9300053879310344 0.7806249999999999 0.019989224137931028 0.028728448275862184
12 0.16312500000000002 0.221875 0.028636363636363654 0.04363636363636367
13 0.38 0.31375 0.03248579545454544 0.0374857954545455
