04 0.72125 0.42125 0.029983552631578925 0.019983552631578916
11 0.944375 0.94 0.031241610738254932 0.022491610738255008
07 0.7350000000000001 0.76125 0.032456896551724124 0.05245689655172414
05 0.21125 0.48 0.017494444444444424 0.027494444444444488
03 0.218125 0.7949999999999999 0.023738095238095253 0.044988095238095105
12 0.25375 0.551875 0.05499297752808982 0.05124297752808982
07 0.93625 0.22187500000000002 0.02999509803921574 0.0812450980392157
20 0.766875 0.566875 0.016206896551724137 0.01370689655172419
05 0.5325 0.69625 0.029978448275862046 0.022478448275862206
06 0.143125 0.136875 0.016136363636363615 0.028636363636363626
06 0.858125 0.048125 0.013735795454545285 0.041235795454545456
03 0.7362500000000001 0.14500000000000002 0.027469512195121948 0.03246951219512195
11 0.083125 0.6443749999999999 0.028732142857142873 0.02123214285714281
