16 0.5643750000000001 0.726875 0.02123355263157889 0.0362335526315789
12 0.32875 0.275625 0.024991610738255066 0.02874161073825504
03 0.7324999999999999 0.286875 0.039956896551724186 0.023706896551724144
11 0.97125 0.91125 0.02499444444444443 0.019994444444444426
00 0.55125 0.019375 0.024988095238095198 0.021238095238095236
18 0.569375 0.446875 0.016242977528089786 0.018742977528089844
04 0.73 0.215 0.014995098039215726 0.017495098039215673
15 0.566875 0.071875 0.01370689655172419 0.04870689655172414
03 0.71125 0.943125 0.022478448275862206 0.053728448275862206
03 0.042499999999999996 0.63875 0.03238636363636363 0.03488636363636366
13 0.6231249999999999 0.905 0.03623579545454536 0.04248579545454534
15 0.32 0.27749999999999997 0.022469512195121943 0.022469512195122
11 0.49 0.141875 0.02498214285714284 0.021232142857142866
01 0.579375 0.32375 0.023737499999999967 0.017487500000000045
