03 0.48687499999999995 0.80375 0.046233552631578856 0.04998355263157894
11 0.60625 0.208125 0.02999161073825507 0.02874161073825504
03 0.921875 0.941875 0.02120689655172403 0.02120689655172414
00 0.084375 0.16624999999999998 0.036244444444444454 0.03749444444444444
20 0.16062500000000002 0.130625 0.026238095238095255 0.02123809523809525
04 0.6368750000000001 0.193125 0.03124297752808991 0.02624297752808985
14 0.68625 0.7593749999999999 0.014995098039215726 0.03374509803921566
11 0.755 0.18312499999999998 0.02745689655172412 0.023706896551724116
07 0.3575 0.6781196120689655 0.07497844827586209 0.04623922413793102
14 0.03937499999999999 0.7 0.05113636363636363 0.032386363636363824
03 0.8975 0.668125 0.029985795454545383 0.026235795454545352
08 0.21875 0.6125 0.029969512195122006 0.03246951219512206
00 0.82125 0.116875 0.039982142857142855 0.031232142857142875
