03 0.88625 0.8812500000000001 0.014983552631578911 0.022483552631578863
18 0.91125 0.53375 0.014991610738254835 0.017491610738255114
13 0.5643750000000001 0.7262500000000001 0.028706896551724204 0.04495689655172408
05 0.3225 0.24062499999999998 0.02499444444444443 0.016244444444444422
15 0.5406249999999999 0.56 0.026238095238095283 0.02498809523809531
13 0.9237500000000001 0.8006232443820225 0.07499297752808987 0.028746488764044953
03 0.958125 0.659375 0.008745098039215637 0.021245098039215704
18 0.82125 0.478125 0.01745689655172411 0.021206896551724086
18 0.31625000000000003 0.89625 0.019978448275862093 0.022478448275862206
00 0.520625 0.011875 0.026136363636363624 0.018636363636363635
