18 0.885625 0.275625 0.016233552631578885 0.018733552631578942
13 0.94875 0.8981250000000001 0.03749161073825491 0.08874161073825493
14 0.43500000000000005 0.740625 0.034956896551724126 0.018706896551724084
05 0.73 0.91875 0.017494444444444368 0.029994444444444324
13 0.12875 0.7324999999999999 0.017488095238095247 0.05748809523809506
11 0.50875 0.14 0.02249297752808982 0.017492977528089898
09 0.791875 0.5575 0.023745098039215762 0.04499509803921575
04 0.285625 0.33 0.023706896551724144 0.032456896551724124
14 0.285625 0.5475 0.028728448275862073 0.0274784482758621
03 0.245625 0.35125 0.021136363636363675 0.027386363636363598
07 0.4018785511363636 0.12875 0.023742897727272727 0.01498579545454548
18 0.27125 0.174375 0.017469512195121994 0.02121951219512197
00 0.29312499999999997 0.08625000000000001 0.021232142857142866 0.022482142857142867
