20 0.06875 0.06562499999999999 0.02248355263157896 0.016233552631578954
05 0.463125 0.33062499999999995 0.023741610738255037 0.033741610738255046
20 0.6275 0.760625 0.022456896551724115 0.02120689655172403
07 0.2575 0.9275 0.039994444444444444 0.017494444444444368
06 0.48 0.89625 0.024988095238095254 0.009988095238095074
14 0.218125 0.528125 0.038742977528089834 0.018742977528089844
12 0.8043750000000001 0.669375 0.04124509803921572 0.05874509803921579
03 0.065625 0.16625 0.028706896551724148 0.03745689655172413
07 0.694375 0.7775000000000001 0.03122844827586224 0.04747844827586223
06 0.050028409090909096 0.634375 0.08994318181818182 0.04863636363636359
06 0.746875 0.423125 0.06123579545454538 0.011235795454545505
09 0.435625 0.013125 0.016219512195121966 0.02621951219512195
