15 0.125625 0.801875 0.02123355263157893 0.011233552631578991
09 0.7 0.2025 0.03999161073825486 0.01749161073825503
01 0.635625 0.61625 0.018706896551724084 0.019956896551724168
03 0.25125000000000003 0.218125 0.07749444444444445 0.051244444444444426
16 0.049375 0.43625 0.03873809523809524 0.029988095238095258
16 0.31375 0.5800000000000001 0.034992977528089886 0.032492977528089884
04 0.8825000000000001 0.8143750000000001 0.022495098039215677 0.018745098039215757
08 0.12875 0.0975 0.019956896551724126 0.032456896551724124
14 0.815625 0.39812499999999995 0.018728448275862175 0.016228448275862062
11 0.229375 0.52125 0.02613636363636368 0.029886363636363544
11 0.38875 0.568125 0.02498579545454549 0.02873579545454552
04 0.4375 0.54125 0.024969512195122 0.02496951219512189
05 0.059375 0.08 0.026232142857142843 0.017482142857142863
