04 0.38625 0.3175 0.03998355263157888 0.024983552631578976
00 0.6612499999999999 0.288125 0.042491610738255026 0.04124161073825505
14 0.89 0.946875 0.04745689655172414 0.036206896551724155
07 0.2187486111111111 0.443125 0.02999722222222223 0.036244444444444524
09 0.319375 0.12625 0.058738095238095256 0.05998809523809523
15 0.7268749999999999 0.723125 0.07874297752808979 0.03374297752808986
08 0.491875 0.94375 0.05124509803921573 0.034995098039215744
03 0.019999999999999997 0.1175 0.037456896551724135 0.03745689655172413
12 0.59875 0.97 0.039978448275862055 0.042478448275862224
09 0.97125 0.6581250000000001 0.04488636363636378 0.05863636363636371
