00 0.25625 0.20500000000000002 0.012483552631578965 0.014983552631578995
20 0.5925 0.22125 0.017491610738255003 0.01749161073825506
01 0.266875 0.984375 0.00870689655172413 0.006206896551724128
10 0.7168749999999999 0.5774999999999999 0.016244444444444395 0.012494444444444475
18 0.50875 0.5137499999999999 0.0149880952380953 0.017488095238095247
00 0.14625 0.8587499999999999 0.022492977528089902 0.022492977528089875
10 0.65 0.826875 0.014995098039215726 0.0162450980392157
10 0.33499999999999996 0.27875 0.017456896551724166 0.014956896551724164
06 0.045625 0.680625 0.021228448275862066 0.056228448275862264
03 0.8056534090909091 0.421875 0.02119318181818186 0.026136363636363624
11 0.5475000000000001 0.19125 0.02498579545454549 0.017485795454545483
03 0.1125 0.33687500000000004 0.022469512195121943 0.013719512195121963
08 0.285625 0.245 0.023732142857142813 0.03248214285714282
