13 0.70125 0.6975 0.0674835526315789 0.03248355263157898
11 0.42625 0.6000000000000001 0.027491610738255068 0.022491610738255008
19 0.7875 0.676875 0.02745689655172412 0.028706896551724093
20 0.55 0.48812500000000003 0.027494444444444488 0.021244444444444455
11 0.6231249999999999 0.611875 0.02873809523809523 0.023738095238095336
13 0.27875 0.6950000000000001 0.039992977528089835 0.03499297752808983
07 0.26375 0.59375 0.1574950980392157 0.03749509803921569
18 0.5237499999999999 0.330625 0.01745689655172422 0.018706896551724084
18 0.7024999999999999 0.6412500000000001 0.0174784482758622 0.01997844827586215
08 0.805625 0.91875 0.01363636363636378 0.022386363636363815
05 0.98125 0.10625 0.017485795454545316 0.03748579545454547
14 0.150625 0.466875 0.02121951219512197 0.02121951219512197
