03 0.775625 0.8275 0.05873355263157887 0.0674835526315789
20 0.7424999999999999 0.753125 0.03999161073825486 0.03374161073825499
08 0.469375 0.8925000000000001 0.04870689655172411 0.0749568965517241
03 0.728125 0.21125 0.0987444444444443 0.04249444444444442
19 0.923125 0.534375 0.05373809523809514 0.031238095238095287
05 0.71875 0.8318749999999999 0.0474929775280899 0.03124297752808991
14 0.43125 0.22062500000000002 0.06749509803921566 0.03374509803921569
06 0.614375 0.463125 0.07870689655172414 0.07870689655172414
06 0.784375 0.12312499999999998 0.09872844827586225 0.02872844827586206
06 0.408125 0.64625 0.08363636363636362 0.14488636363636365
08 0.7449964488636363 0.8512500000000001 0.052492897727272614 0.03998579545454539
