13 0.54625 0.10749999999999998 0.027483552631578867 0.06498355263157894
03 0.44875 0.9356249999999999 0.04499161073825503 0.06624161073825496
03 0.116875 0.6737500000000001 0.01870689655172414 0.029956896551724177
13 0.40562638888888886 0.29312499999999997 0.01874722222222225 0.013744444444444393
07 0.023749999999999997 0.4956220238095238 0.03248809523809523 0.016244047619047686
11 0.678125 0.41312499999999996 0.02124297752808979 0.02624297752808985
08 0.289375 0.443125 0.02624509803921571 0.046245098039215726
06 0.40812499999999996 0.834375 0.013706896551724135 0.07120689655172407
14 0.47187500000000004 0.7806249999999999 0.02622844827586207 0.028728448275862184
06 0.365 0.16125 0.057386363636363624 0.014886363636363642
20 0.09812499999999999 0.095 0.01873579545454547 0.01748579545454547
01 0.5387500000000001 0.96625 0.01746951219512194 0.01746951219512194
05 0.515 0.58875 0.022482142857142895 0.02498214285714284
01 0.555625 0.16875 0.026237500000000025 0.017487500000000017
