03 0.223125 0.896875 0.056233552631578976 0.0362335526315789
07 0.26625 0.1325 0.10499161073825503 0.01999161073825506
15 0.29625 0.3725 0.02995689655172412 0.01745689655172411
01 0.19124999999999998 0.600625 0.04499444444444442 0.04124444444444453
03 0.7424999999999999 0.678125 0.029988095238095203 0.06123809523809509
10 0.22375 0.8868750000000001 0.022492977528089847 0.0212429775280899
17 0.068125 0.295 0.0387450980392157 0.042495098039215695
12 0.07937499999999999 0.441875 0.10120689655172412 0.06120689655172412
09 0.803125 0.14687499999999998 0.0437284482758622 0.04622844827586206
17 0.56125 0.18562499999999998 0.047386363636363615 0.04613636363636367
20 0.44562500000000005 0.92625 0.04373579545454548 0.027485795454545325
13 0.18 0.6575 0.08746951219512197 0.09746951219512201
03 0.3175 0.9056249999999999 0.0374821428571428 0.04123214285714283
20 0.369375 0.8400000000000001 0.036237500000000034 0.03498750000000006
