14 0.415625 0.411875 0.031233552631578898 0.0337335526315789
08 0.445 0.124375 0.042491610738255026 0.016241610738255058
01 0.8475 0.565625 0.014956896551724164 0.01370689655172408
10 0.066875 0.96375 0.02624444444444444 0.022494444444444373
04 0.22999999999999998 0.26937500000000003 0.03248809523809529 0.021238095238095223
15 0.601875 0.59 0.028742977528089853 0.019992977528089817
18 0.4375 0.32375 0.017495098039215673 0.019995098039215675
18 0.54 0.919375 0.014956896551724164 0.016206896551724026
10 0.180625 0.39375 0.02372844827586207 0.019978448275862037
04 0.573125 0.6775 0.02863636363636357 0.019886363636363757
12 0.9075 0.735 0.04248579545454534 0.03498579545454539
08 0.2112423780487805 0.8500000000000001 0.03248475609756099 0.027469512195121948
