15 0.19875 0.795625 0.09248355263157898 0.07623355263157894
07 0.680625 0.7637499999999999 0.04374161073825489 0.014991610738254946
03 0.81375 0.02375 0.039956896551724075 0.024956896551724134
08 0.115 0.60375 0.04749444444444448 0.03499444444444455
02 0.8362499999999999 0.40875 0.04998809523809522 0.027488095238095256
01 0.214375 0.20750000000000002 0.028742977528089853 0.019992977528089845
14 0.47375 0.081875 0.054995098039215706 0.02124509803921569
01 0.496875 0.11624999999999999 0.02120689655172414 0.017456896551724124
08 0.6681196120689656 0.084375 0.026239224137931116 0.02872844827586206
06 0.580625 0.525625 0.008636363636363664 0.07363636363636356
06 0.051875 0.6975 0.02873579545454545 0.027485795454545325
19 0.09 0.628125 0.022469512195121943 0.026219512195121975
10 0.37375 0.630625 0.017482142857142835 0.016232142857142806
