15 0.711875 0.15687500000000001 0.043733552631578854 0.023733552631578947
08 0.06375 0.145625 0.027491610738255033 0.018741610738255032
12 0.094375 0.44 0.026206896551724118 0.029956896551724177
20 0.35250000000000004 0.72875 0.017494444444444535 0.017494444444444368
15 0.01625 0.8981250000000001 0.024988095238095236 0.013738095238095105
20 0.978125 0.45375 0.016242977528089897 0.012492977528089866
14 0.6131249999999999 0.031875 0.04124509803921572 0.02624509803921569
15 0.693125 0.38187499999999996 0.018706896551724084 0.0362068965517241
02 0.33125 0.64 0.014978448275862033 0.04497844827586217
15 0.11499999999999999 0.415625 0.02988636363636364 0.04863636363636359
15 0.5918749999999999 0.715 0.023735795454545516 0.01498579545454537
