05 0.938125 0.249375 0.03873355263157885 0.021233552631579
03 0.580625 0.64625 0.06124161073825507 0.024991610738254955
14 0.4175 0.13875 0.054956896551724144 0.03745689655172414
14 0.7225 0.345 0.03249444444444438 0.017494444444444535
04 0.661875 0.56375 0.041238095238095074 0.03498809523809532
03 0.1325 0.37875000000000003 0.012492977528089894 0.034992977528089886
10 0.5762499999999999 0.2975 0.02999509803921574 0.019995098039215675
03 0.6825 0.496875 0.057456896551724146 0.043706896551724106
16 0.53125 0.79375 0.04497844827586217 0.05747844827586224
12 0.40125 0.728125 0.037386363636363606 0.04113636363636375
