05 0.2525 0.26687500000000003 0.027483552631578978 0.03873355263157899
09 0.46625 0.674375 0.04499161073825508 0.05374161073825501
14 0.38875000000000004 0.5762499999999999 0.054956896551724144 0.039956896551724186
04 0.586875 0.155 0.036244444444444524 0.03249444444444444
04 0.043125 0.366875 0.033738095238095234 0.03623809523809529
04 0.093125 0.6675 0.03624297752808989 0.032492977528089884
04 0.7024999999999999 0.6781250000000001 0.032495098039215686 0.021245098039215704
15 0.050625 0.07 0.026206896551724146 0.03745689655172414
15 0.88625 0.6212500000000001 0.032478448275862215 0.022478448275862095
16 0.69125 0.400625 0.04238636363636372 0.03613636363636363
03 0.609375 0.285625 0.016235795454545565 0.03373579545454547
20 0.12625 0.6125 0.01746951219512194 0.012469512195122046
