06 0.88 0.34875 0.047483552631578885 0.039983552631578934
20 0.218125 0.7050000000000001 0.03374161073825507 0.029991610738254848
12 0.2725 0.57625 0.05995689655172412 0.06745689655172415
13 0.8362499999999999 0.83125 0.057494444444444404 0.1774944444444443
04 0.801875 0.30625 0.048738095238095136 0.03998809523809527
03 0.196875 0.548125 0.031242977528089855 0.043742977528089866
06 0.32875 0.854375 0.027495098039215682 0.1462450980392156
08 0.7175 0.735 0.03745689655172413 0.09745689655172418
20 0.420625 0.6131249999999999 0.038728448275862026 0.026228448275862015
10 0.245 0.678125 0.03488636363636366 0.033636363636363686
03 0.345 0.519375 0.02998579545454544 0.056235795454545434
13 0.6481250000000001 0.138125 0.04621951219512199 0.07371951219512195
00 0.638125 0.369375 0.061232142857142846 0.06623214285714285
06 0.8943749999999999 0.388125 0.1737375 0.016237500000000016
