04 0.31625 0.438125 0.02498355263157892 0.02373355263157889
07 0.8206249999999999 0.23375 0.046241610738254946 0.022491610738255036
13 0.578125 0.6168750000000001 0.06370689655172423 0.023706896551724088
07 0.93125 0.5375 0.07499444444444436 0.014994444444444532
06 0.81 0.015625 0.012488095238095132 0.026238095238095237
13 0.423125 0.4475 0.05124297752808987 0.07499297752808987
06 0.72 0.5118750000000001 0.07249509803921572 0.031245098039215713
06 0.07500000000000001 0.365 0.009956896551724145 0.0699568965517241
15 0.395 0.926875 0.03497844827586205 0.038728448275862304
01 0.16125 0.385625 0.02238636363636365 0.02113636363636362
