20 0.041249999999999995 0.02875 0.037483552631578945 0.03248355263157895
14 0.7518750000000001 0.7025 0.046241610738254946 0.059991610738254986
08 0.5225 0.26875 0.054956896551724144 0.04245689655172413
03 0.890625 0.439375 0.08124444444444445 0.053744444444444484
11 0.650625 0.150625 0.04373809523809513 0.046238095238095245
14 0.08499999999999999 0.20375 0.027492977528089893 0.03999297752808986
14 0.20124999999999998 0.21875 0.062495098039215685 0.0474950980392157
00 0.360625 0.41125 0.05620689655172412 0.049956896551724084
13 0.724375 0.54 0.053728448275862206 0.06997844827586208
03 0.47375 0.85 0.03988636363636355 0.029886363636363766
11 0.10750000000000001 0.600625 0.044985795454545466 0.05373579545454543
03 0.759375 0.68125 0.04121951219512199 0.07496951219512193
