12 0.53 0.3375 0.022483552631578863 0.042483552631578936
03 0.239375 0.176875 0.021241610738255035 0.04624161073825506
09 0.33875 0.32125000000000004 0.019956896551724168 0.02995689655172412
06 0.510625 0.72 0.026244444444444515 0.019994444444444315
01 0.8225 0.95 0.012488095238095132 0.012488095238095132
20 0.729375 0.5843750000000001 0.011242977528089781 0.01374297752808984
14 0.9175 0.549375 0.014995098039215726 0.02374509803921565
10 0.839375 0.6950000000000001 0.02120689655172414 0.019956896551724168
11 0.028125000000000004 0.86625 0.023728448275862072 0.022478448275862206
04 0.84875 0.7581249999999999 0.02738636363636382 0.02363636363636379
