06 0.036875000000000005 0.728125 0.05873355263157895 0.023733552631578947
03 0.10125 0.3725 0.03249161073825506 0.012491610738254999
03 0.05375 0.58375 0.03245689655172414 0.01745689655172411
02 0.881875 0.36624999999999996 0.023744444444444346 0.0399944444444445
12 0.211875 0.82375 0.018738095238095276 0.019988095238095083
12 0.935 0.36812500000000004 0.022492977528089875 0.02624297752808985
11 0.051875 0.436875 0.02124509803921569 0.018745098039215702
05 0.36875 0.545625 0.019956896551724113 0.026206896551724146
15 0.021875 0.880625 0.02872844827586207 0.011228448275862224
11 0.36812500000000004 0.409375 0.023636363636363622 0.02113636363636362
14 0.9181250000000001 0.510625 0.011235795454545339 0.038735795454545474
07 0.25375 0.7243673780487805 0.024969512195121973 0.041234756097561
06 0.504375 0.0975 0.031232142857142764 0.052482142857142866
