18 0.7825 0.33875 0.014983552631578911 0.017483552631578858
08 0.890625 0.38875 0.008741610738254968 0.04749161073825503
13 0.61875 0.35062499999999996 0.057456896551724146 0.06120689655172412
01 0.205625 0.080625 0.02374444444444443 0.018744444444444452
18 0.7268749999999999 0.6043750000000001 0.013738095238095105 0.016238095238095274
20 0.38625 0.936875 0.009992977528089864 0.011242977528089781
08 0.13937622549019607 0.875 0.031247549019607843 0.027495098039215682
07 0.18 0.6875 0.022456896551724115 0.024956896551724173
02 0.9475 0.13125 0.024978448275862153 0.02997844827586206
07 0.379375 0.148125 0.023636363636363622 0.013636363636363641
18 0.22625 0.400625 0.017485795454545455 0.018735795454545456
