03 0.023750000000000004 0.38375000000000004 0.03748355263157895 0.034983552631578874
02 0.77125 0.228125 0.017491610738254892 0.04124161073825505
01 0.39875 0.338125 0.032456896551724124 0.026206896551724146
07 0.1325 0.6168750000000001 0.06749444444444444 0.03124444444444452
19 0.614375 0.49375 0.013738095238095216 0.029988095238095314
04 0.42562500000000003 0.38125 0.031242977528089855 0.02999297752808988
04 0.6575 0.886875 0.032495098039215686 0.02624509803921571
03 0.6793750000000001 0.69875 0.053706896551724115 0.03745689655172413
04 0.880625 0.365 0.028728448275862295 0.01747844827586209
05 0.414375 0.86375 0.013636363636363558 0.03488636363636377
