03 0.788125 0.595 0.013733552631578938 0.03498355263157893
12 0.176875 0.8531249999999999 0.04624161073825506 0.046241610738254946
16 0.506875 0.4225 0.0387068965517241 0.04995689655172414
06 0.2625 0.258125 0.02499444444444443 0.026244444444444404
03 0.7068749999999999 0.339375 0.023738095238095114 0.058738095238095256
13 0.701875 0.49 0.05124297752808982 0.07249297752808981
08 0.5700000000000001 0.135625 0.032495098039215686 0.04874509803921567
20 0.281875 0.548125 0.026206896551724146 0.026206896551724146
04 0.600625 0.215 0.03872844827586208 0.039978448275862055
02 0.15687500000000001 0.68875 0.04113636363636364 0.047386363636363726
11 0.89375 0.175625 0.037485795454545334 0.028735795454545465
07 0.833125 0.9099999999999999 0.018719512195122023 0.047469512195121966
07 0.7493794642857143 0.805625 0.048741071428571425 0.04623214285714283
