20 0.2475 0.9606250000000001 0.027483552631578978 0.018733552631578942
06 0.221875 0.925625 0.01874161073825506 0.02374161073825487
08 0.8700000000000001 0.4225 0.032456896551724124 0.019956896551724113
20 0.8200000000000001 0.22062500000000002 0.017494444444444368 0.016244444444444422
15 0.5475 0.59875 0.044988095238095216 0.029988095238095314
07 0.73 0.745 0.02749297752808988 0.04249297752808978
01 0.133125 0.4625 0.0312450980392157 0.022495098039215733
20 0.7375 0.45 0.012456896551724106 0.012456896551724106
20 0.84625 0.37187499999999996 0.022478448275862206 0.016228448275862062
20 0.33999999999999997 0.5425 0.01988636363636359 0.012386363636363584
02 0.155 0.63625 0.037485795454545445 0.02498579545454538
04 0.704375 0.526875 0.026219512195121975 0.018719512195122023
12 0.035625 0.74125 0.03623214285714285 0.03498214285714285
