18 0.07125 0.890625 0.04248355263157896 0.043733552631578965
07 0.330625 0.344375 0.12124161073825501 0.12124161073825507
02 0.48312499999999997 0.39625 0.053706896551724115 0.21245689655172412
14 0.72875 0.7975 0.03499444444444433 0.06249444444444441
12 0.268125 0.6275 0.07623809523809524 0.06998809523809513
08 0.17375 0.445625 0.06999297752808986 0.061242977528089826
10 0.683125 0.15812500000000002 0.031245098039215713 0.028745098039215683
07 0.79 0.790625 0.05245689655172414 0.07620689655172419
15 0.14375 0.141875 0.029978448275862074 0.03622844827586208
03 0.181875 0.85875 0.08113636363636367 0.09738636363636366
01 0.303125 0.614375 0.026235795454545463 0.023735795454545405
20 0.17875000000000002 0.385 0.05996951219512195 0.05496951219512197
13 0.48812500000000003 0.72 0.0712321428571428 0.12998214285714282
