11 0.380625 0.6950000000000001 0.031233552631578898 0.029983552631578925
15 0.749375 0.9175 0.036241610738254826 0.014991610738254835
00 0.573125 0.665 0.03370689655172421 0.029956896551724177
12 0.073125 0.052500000000000005 0.036244444444444454 0.03749444444444445
01 0.290625 0.7575000000000001 0.026238095238095227 0.024988095238095087
11 0.03875 0.875 0.02749297752808989 0.02749297752808988
20 0.19437500000000002 0.325625 0.02374509803921568 0.021245098039215704
05 0.549375 0.39437500000000003 0.0337068965517241 0.031206896551724095
18 0.17125 0.78375 0.019978448275862065 0.022478448275862206
14 0.3025 0.881875 0.029886363636363655 0.04113636363636375
