07 0.18437088815789476 0.484375 0.031241776315789477 0.013733552631578938
02 0.95 0.91625 0.042491610738254915 0.02999161073825496
09 0.05437500000000001 0.579375 0.026206896551724153 0.0387068965517241
10 0.8868750000000001 0.764375 0.031244444444444297 0.02874444444444435
01 0.9199999999999999 0.043125 0.03248809523809515 0.023738095238095232
01 0.3675 0.12875 0.014992977528089813 0.017492977528089884
20 0.34375 0.0475 0.024995098039215735 0.024995098039215687
03 0.43437499999999996 0.504375 0.028706896551724148 0.0237068965517242
00 0.34687500000000004 0.933125 0.031228448275862075 0.02372844827586218
04 0.35625 0.125 0.027386363636363598 0.02988636363636364
06 0.868125 0.9356249999999999 0.07123579545454539 0.04623579545454526
05 0.746875 0.301875 0.023719512195122028 0.03121951219512198
