01 0.90875 0.61125 0.02498355263157881 0.02498355263157892
12 0.06312500000000001 0.176875 0.04624161073825504 0.06624161073825505
12 0.559375 0.735625 0.043706896551724106 0.04870689655172411
10 0.44937499999999997 0.836875 0.03624444444444447 0.02874444444444435
15 0.669375 0.22249999999999998 0.02623809523809506 0.01248809523809527
04 0.6993750000000001 0.45625 0.03374297752808986 0.04499297752808984
10 0.260625 0.193125 0.03374509803921566 0.028745098039215683
18 0.31 0.415625 0.02745689655172412 0.028706896551724148
07 0.4306303879310345 0.74875 0.058739224137931034 0.15997844827586216
04 0.34750000000000003 0.594375 0.03988636363636361 0.031136363636363518
03 0.09562500000000002 0.5393749999999999 0.033735795454545456 0.023735795454545516
06 0.7237576219512195 0.274375 0.029984756097561016 0.02121951219512197
08 0.068125 0.5643750000000001 0.023732142857142847 0.043732142857142775
