06 0.463125 0.0325 0.09373355263157884 0.017483552631578945
18 0.140625 0.424375 0.021241610738255035 0.023741610738255092
11 0.29000000000000004 0.953125 0.02995689655172412 0.028706896551724093
12 0.51375 0.036250000000000004 0.03749444444444455 0.039994444444444444
01 0.93625 0.75375 0.02998809523809509 0.019988095238095083
14 0.37124999999999997 0.3275 0.034992977528089886 0.03249297752808983
11 0.66625 0.10125 0.034995098039215744 0.029995098039215698
02 0.745 0.078125 0.029956896551724066 0.02120689655172414
13 0.6793750000000001 0.8925000000000001 0.06872844827586222 0.0799784482758622
03 0.459375 0.485 0.04113636363636358 0.01988636363636359
02 0.6575 0.495625 0.05248579545454546 0.038735795454545474
