13 0.209375 0.463125 0.091233552631579 0.07373355263157888
15 0.82125 0.35562499999999997 0.049991610738254866 0.04874161073825506
16 0.5925 0.7775 0.0699568965517241 0.05995689655172409
11 0.4475 0.583125 0.044994444444444504 0.036244444444444524
09 0.12375000000000001 0.06562499999999999 0.07498809523809527 0.08623809523809522
13 0.09937499999999999 0.42125 0.07874297752808988 0.06499297752808986
17 0.25625 0.39812499999999995 0.0449950980392157 0.06624509803921569
18 0.6074999999999999 0.933125 0.022456896551724115 0.026206896551724146
11 0.6775 0.21 0.059978448275862295 0.04247844827586206
04 0.048125 0.503125 0.051136363636363626 0.033636363636363575
12 0.5075000000000001 0.71875 0.047485795454545454 0.062485795454545245
