07 0.855 0.4075 0.06498355263157896 0.08748355263157886
13 0.33125 0.8768750000000001 0.03999161073825508 0.08124161073825487
10 0.635 0.775625 0.02745689655172412 0.02120689655172414
15 0.68625 0.31375 0.06499444444444435 0.11499444444444445
03 0.9524999999999999 0.22625 0.02248809523809514 0.02248809523809528
06 0.09125 0.18624999999999997 0.009992977528089891 0.11999297752808988
12 0.6412500000000001 0.22 0.042495098039215695 0.03999509803921569
14 0.26375000000000004 0.235 0.03995689655172413 0.034956896551724154
04 0.284375 0.66625 0.028728448275862073 0.022478448275862206
06 0.70375 0.94 0.019886363636363757 0.11238636363636367
20 0.305625 0.2425 0.02123579545454546 0.022485795454545432
11 0.9625 0.72375 0.03246951219512195 0.0349695121951219
10 0.5975 0.268125 0.03498214285714285 0.026232142857142815
20 0.494375 0.0925 0.023737500000000022 0.02498750000000001
