04 0.22625 0.09125 0.034983552631578985 0.032483552631578955
00 0.365 0.69875 0.02999161073825507 0.024991610738254844
16 0.44625 0.923125 0.04745689655172414 0.03120689655172415
10 0.7275 0.974375 0.029994444444444324 0.0212444444444444
08 0.28812499999999996 0.08875 0.02373809523809528 0.049988095238095234
03 0.104375 0.939375 0.04124297752808989 0.04874297752808987
11 0.18 0.813125 0.027495098039215682 0.02624509803921571
03 0.8300000000000001 0.74375 0.049956896551724195 0.01745689655172411
16 0.3225 0.763125 0.03497844827586205 0.03872844827586219
02 0.445625 0.545625 0.03113636363636363 0.026136363636363624
