00 0.6275 0.32687499999999997 0.039983552631578934 0.033733552631578956
01 0.801875 0.23875000000000002 0.02374161073825487 0.024991610738255066
14 0.635625 0.22562500000000002 0.03120689655172404 0.04870689655172414
01 0.584375 0.14937499999999998 0.036244444444444524 0.028744444444444434
11 0.144375 0.32375 0.036238095238095236 0.03498809523809526
10 0.588125 0.675625 0.036242977528089915 0.03874297752808986
20 0.8668750000000001 0.650625 0.026245098039215597 0.018745098039215646
04 0.516875 0.348125 0.03120689655172415 0.03870689655172416
00 0.34750000000000003 0.91625 0.02247844827586204 0.01997844827586226
14 0.501875 0.18562499999999998 0.04863636363636353 0.04863636363636367
