20 0.7112499999999999 0.433125 0.04248355263157888 0.031233552631578898
03 0.796875 0.8200000000000001 0.046241610738254835 0.0899916107382549
03 0.8400000000000001 0.03875000000000001 0.06245689655172415 0.04495689655172414
20 0.516875 0.87125 0.04124444444444453 0.03499444444444433
15 0.639375 0.32875 0.058738095238095256 0.029988095238095258
01 0.28 0.7581249999999999 0.05999297752808985 0.053742977528089875
03 0.40437500000000004 0.7475 0.09624509803921572 0.027495098039215793
03 0.7662500000000001 0.316875 0.08495689655172411 0.12370689655172412
07 0.551875 0.715625 0.05622844827586215 0.12372844827586216
07 0.23375 0.766875 0.06738636363636366 0.03113636363636374
03 0.52375 0.629375 0.052485795454545514 0.10873579545454548
06 0.615 0.69375 0.012469512195121935 0.12746951219512193
07 0.11624999999999999 0.8218749999999999 0.06498214285714286 0.15373214285714287
01 0.13875 0.91125 0.042487500000000025 0.03498749999999995
