20 0.036250000000000004 0.9906250000000001 0.012483552631578954 0.01123355263157888
03 0.125625 0.9568749999999999 0.04374161073825504 0.018741610738254866
10 0.13625 0.26125 0.02495689655172413 0.024956896551724145
10 0.24375 0.755 0.022494444444444428 0.01499444444444431
10 0.04 0.6012500000000001 0.029988095238095234 0.029988095238095203
03 0.251875 0.144375 0.023742977528089876 0.028742977528089908
03 0.835 0.6275 0.03749509803921569 0.04749509803921559
20 0.92 0.4775 0.02745689655172412 0.02745689655172412
10 0.511875 0.7418750000000001 0.028728448275862017 0.02372844827586229
10 0.72125 0.93625 0.022386363636363815 0.0173863636363637
