01 0.76 0.9612499999999999 0.019983552631578916 0.012483552631578854
07 0.5 0.10625000000000001 0.014991610738255057 0.049991610738255046
15 0.768125 0.265 0.018706896551724195 0.08245689655172411
00 0.22062500000000002 0.9768749999999999 0.02624444444444443 0.026244444444444404
14 0.14875 0.865625 0.027488095238095228 0.02623809523809517
20 0.5675 0.16875 0.03499297752808994 0.03749297752808986
03 0.35562499999999997 0.90125 0.026245098039215653 0.04499509803921575
00 0.13125 0.5975 0.03995689655172413 0.024956896551724173
06 0.7287553879310344 0.32437499999999997 0.032489224137931094 0.011228448275862057
10 0.280625 0.10625 0.03613636363636369 0.029886363636363628
03 0.421875 0.78125 0.08123579545454551 0.04248579545454523
14 0.276875 0.284375 0.04121951219512199 0.04121951219512199
11 0.46375 0.22062500000000002 0.03498214285714285 0.041232142857142856
