14 0.78 0.8356250000000001 0.012483552631578854 0.016233552631578996
01 0.35 0.060625 0.014991610738255057 0.013741610738255028
05 0.26187499999999997 0.34562499999999996 0.01870689655172414 0.023706896551724144
01 0.815625 0.9781249999999999 0.008744444444444333 0.008744444444444333
10 0.233125 0.031875 0.013738095238095271 0.011238095238095231
03 0.22625 0.146875 0.02749297752808985 0.016242977528089897
14 0.66125 0.5875 0.00999509803921561 0.017495098039215673
04 0.13375 0.66875 0.02245689655172413 0.012456896551724106
11 0.26875 0.213125 0.01747844827586209 0.016228448275862062
06 0.79875 0.46499999999999997 0.03238636363636371 0.03738636363636355
04 0.9693750000000001 0.21375 0.021235795454545348 0.017485795454545483
