13 0.30874999999999997 0.8731249999999999 0.029983552631578925 0.02873355263157895
11 0.9293750000000001 0.7 0.021241610738254812 0.022491610738254897
06 0.77625 0.5918749999999999 0.014956896551724164 0.023706896551724088
11 0.36812500000000004 0.61125 0.023744444444444512 0.01749444444444448
06 0.5524970238095238 0.29375 0.01999404761904766 0.0774880952380953
04 0.050625 0.415625 0.026242977528089885 0.028742977528089853
03 0.816875 0.43875 0.008745098039215637 0.07249509803921567
04 0.44625 0.14250000000000002 0.022456896551724115 0.017456896551724138
04 0.230625 0.35687500000000005 0.02622844827586207 0.016228448275862062
05 0.26937500000000003 0.63625 0.011136363636363666 0.024886363636363762
09 0.5775 0.6543749999999999 0.03248579545454544 0.033735795454545414
