18 0.801875 0.5449999999999999 0.021233552631579 0.022483552631578863
10 0.745625 0.630625 0.031241610738254932 0.031241610738254932
08 0.965625 0.2125 0.01370689655172408 0.04245689655172413
18 0.045625 0.576875 0.02124444444444444 0.023744444444444457
06 0.15500000000000003 0.13874999999999998 0.06248809523809526 0.01748809523809522
16 0.96375 0.255 0.04249297752808978 0.039992977528089835
02 0.114375 0.56125 0.016245098039215686 0.0474950980392157
07 0.708125 0.9137500000000001 0.046206896551724164 0.01745689655172422
08 0.909375 0.58375 0.03872844827586219 0.0274784482758621
03 0.745625 0.12625 0.0386363636363638 0.04738636363636363
