07 0.0225 0.755 0.02748355263157895 0.012483552631578965
15 0.53375 0.391875 0.017491610738255114 0.051241610738255006
06 0.865625 0.876875 0.04870689655172411 0.0387068965517241
20 0.605 0.895625 0.019994444444444426 0.0212444444444444
01 0.351875 0.568125 0.016238095238095274 0.013738095238095216
18 0.27437500000000004 0.494375 0.01624297752808984 0.018742977528089844
04 0.58875 0.6268750000000001 0.01999509803921562 0.013745098039215642
03 0.834375 0.374375 0.06870689655172413 0.01870689655172414
15 0.578125 0.6725 0.016228448275862117 0.03497844827586216
20 0.989375 0.06875 0.018636363636363784 0.01738636363636363
