13 0.694375 0.7481249999999999 0.07123355263157893 0.12123355263157898
11 0.7949999999999999 0.8275 0.03749161073825491 0.03499161073825485
15 0.02875 0.463125 0.024956896551724138 0.03120689655172415
11 0.49187499999999995 0.864375 0.03624444444444447 0.0362444444444443
10 0.9237500000000001 0.781875 0.029988095238095203 0.028738095238095118
10 0.49312500000000004 0.5349999999999999 0.041242977528089864 0.03499297752808983
03 0.8531249999999999 0.965625 0.05124509803921573 0.018745098039215757
04 0.836875 0.703125 0.036206896551724155 0.026206896551724146
20 0.25375000000000003 0.356875 0.03247844827586205 0.03372844827586208
03 0.77875 0.7518750000000001 0.029886363636363655 0.04613636363636375
07 0.583125 0.6399999999999999 0.016235795454545565 0.04248579545454534
13 0.21125 0.34375 0.20246951219512196 0.03496951219512201
04 0.31125 0.466875 0.0399821428571428 0.026232142857142815
