02 0.54125 0.405 0.0724835526315789 0.04998355263157889
18 0.10875 0.16 0.01749161073825506 0.01999161073825506
06 0.505 0.5775 0.01745689655172411 0.049956896551724084
07 0.234375 0.11437499999999999 0.018744444444444452 0.051244444444444454
20 0.434375 0.569375 0.026238095238095283 0.026238095238095283
18 0.31375 0.569375 0.024992977528089877 0.026242977528089795
08 0.3175 0.25875 0.03499509803921569 0.04249509803921567
10 0.17875 0.16062500000000002 0.04245689655172413 0.033706896551724125
03 0.46499999999999997 0.9137500000000001 0.02247844827586204 0.03497844827586227
07 0.1881534090909091 0.455625 0.026193181818181838 0.04863636363636359
13 0.141875 0.6025 0.12873579545454544 0.0499857954545454
20 0.0675 0.6187499999999999 0.03246951219512194 0.027469512195121948
