14 0.6925041118421053 0.144375 0.04249177631578949 0.01623355263157894
07 0.8637479026845638 0.9893770973154363 0.03249580536912744 0.021245805369127457
20 0.625625 0.7825 0.01370689655172419 0.014956896551724164
19 0.829375 0.16875 0.03874444444444436 0.017494444444444424
00 0.18625 0.24125 0.029988095238095258 0.01998809523809525
01 0.8768750000000001 0.744375 0.023742977528089848 0.016242977528089897
04 0.34187500000000004 0.5900000000000001 0.02874509803921571 0.032495098039215686
07 0.173125 0.3425 0.016206896551724137 0.08495689655172417
08 0.391875 0.22375 0.028728448275862017 0.022478448275862067
04 0.2675 0.031249999999999997 0.029886363636363655 0.03238636363636363
03 0.286875 0.4225 0.02123579545454546 0.049985795454545456
02 0.118125 0.344375 0.01871951219512194 0.028719512195121977
07 0.06125 0.6031249999999999 0.03498214285714285 0.03123214285714282
03 0.360625 0.776875 0.01623749999999996 0.013737499999999958
