17 0.39875 0.558125 0.03248355263157887 0.0362335526315789
07 0.9768729026845637 0.35124999999999995 0.031245805369127355 0.01749161073825506
13 0.879375 0.6074999999999999 0.0387068965517241 0.0649568965517241
03 0.47125 0.09875 0.02499444444444454 0.05999444444444446
03 0.111875 0.859375 0.02873809523809523 0.08123809523809511
11 0.18375000000000002 0.4375 0.029992977528089854 0.02499297752808982
16 0.345625 0.179375 0.031245098039215713 0.03374509803921569
03 0.69375 0.14437499999999998 0.02745689655172412 0.031206896551724123
06 0.38875000000000004 0.431875 0.009978448275862084 0.03872844827586208
12 0.44999999999999996 0.6018749999999999 0.024886363636363595 0.028636363636363682
04 0.6575 0.8049999999999999 0.019985795454545374 0.014985795454545259
03 0.38687499999999997 0.16562500000000002 0.053719512195122 0.036219512195121956
01 0.70625 0.22 0.01748214285714289 0.014982142857142833
