08 0.4562541118421053 0.40125 0.03499177631578948 0.01248355263157891
05 0.771875 0.6756249999999999 0.02374161073825487 0.026241610738254928
06 0.65125 0.41437500000000005 0.0699568965517241 0.05620689655172412
01 0.775625 0.9881249999999999 0.01124444444444439 0.008744444444444333
10 0.110625 0.95 0.023738095238095225 0.017488095238095136
03 0.79125 0.754375 0.019992977528089817 0.016242977528089897
14 0.5775 0.186875 0.0474950980392157 0.02374509803921568
20 0.461875 0.8825000000000001 0.011206896551724133 0.00995689655172416
01 0.81 0.555625 0.014978448275862255 0.011228448275862113
08 0.1225 0.505625 0.03988636363636365 0.013636363636363613
03 0.49875 0.933125 0.019985795454545485 0.023735795454545294
07 0.795 0.8125 0.03246951219512195 0.029969512195122006
08 0.791875 0.46562499999999996 0.02373214285714287 0.028732142857142817
