01 0.33187500000000003 0.38187499999999996 0.02373355263157889 0.01623355263157894
09 0.40625 0.6174999999999999 0.014991610738255057 0.024991610738254955
12 0.401875 0.435625 0.026206896551724146 0.03120689655172415
06 0.43125 0.18875 0.0974944444444445 0.014994444444444421
05 0.6106220238095239 0.48375 0.02624404761904764 0.01998809523809525
08 0.7150000000000001 0.55 0.03499297752808983 0.032492977528089884
01 0.5700000000000001 0.701875 0.024995098039215624 0.02374509803921565
16 0.7112499999999999 0.6956249999999999 0.03495689655172407 0.02120689655172414
14 0.47750000000000004 0.911875 0.02247844827586204 0.021228448275862233
01 0.91625 0.9768749999999999 0.012386363636363695 0.01363636363636378
03 0.889375 0.27874644886363636 0.021235795454545348 0.04749289772727272
04 0.63375 0.45375 0.022469512195121943 0.027469512195122003
07 0.445 0.528125 0.039982142857142855 0.013732142857142748
