18 0.9612499999999999 0.946875 0.022483552631578863 0.023733552631578947
18 0.47625 0.556875 0.022491610738255008 0.023741610738255092
16 0.058125 0.94375 0.03870689655172414 0.04495689655172419
11 0.861875 0.241875 0.033744444444444355 0.033744444444444466
02 0.8049999999999999 0.870625 0.034988095238095096 0.08123809523809511
14 0.984375 0.36312500000000003 0.018742977528089844 0.05624297752808988
20 0.746875 0.11124999999999999 0.031245098039215713 0.024995098039215694
03 0.6599999999999999 0.24875000000000003 0.029956896551724177 0.06995689655172413
17 0.746875 0.304375 0.036228448275862246 0.03872844827586208
14 0.106875 0.099375 0.026136363636363624 0.07363636363636364
07 0.56 0.66375 0.027485795454545436 0.09498579545454544
