01 0.715 0.550625 0.017483552631578858 0.016233552631578885
20 0.12437500000000001 0.14125 0.02124161073825505 0.014991610738255029
03 0.811875 0.80875 0.01370689655172419 0.03745689655172413
14 0.59375 0.5175 0.029994444444444435 0.03749444444444444
06 0.8075 0.49 0.08248809523809508 0.07748809523809524
03 0.08 0.24937499999999999 0.032492977528089884 0.02624297752808985
03 0.328125 0.42374999999999996 0.021245098039215704 0.03499509803921569
05 0.083125 0.580625 0.026206896551724132 0.0337068965517241
04 0.39437500000000003 0.048749999999999995 0.02622844827586207 0.03247844827586206
09 0.60375 0.20875 0.0748863636363637 0.02488636363636368
