07 0.17125411184210526 0.3325 0.02499177631578947 0.04748355263157894
15 0.72375 0.260625 0.014991610738254835 0.023741610738255065
20 0.30374999999999996 0.213125 0.012456896551724161 0.013706896551724135
06 0.016875 0.5118750000000001 0.021244444444444444 0.013744444444444448
18 0.04875 0.7793749999999999 0.009988095238095233 0.013738095238095105
03 0.400625 0.2975 0.018742977528089844 0.01749297752808987
20 0.235625 0.4625 0.0162450980392157 0.01499509803921567
15 0.23875000000000002 0.661875 0.007456896551724129 0.018706896551724084
13 0.713125 0.7537499999999999 0.05122844827586226 0.059978448275862184
03 0.58875 0.40625 0.02488636363636365 0.01738636363636359
06 0.5375 0.41000000000000003 0.012485795454545423 0.11248579545454546
04 0.47625 0.44875 0.024969512195122 0.024969512195121946
18 0.40437500000000004 0.83375 0.01873214285714281 0.022482142857142895
11 0.3075 0.86125 0.02498750000000005 0.022487499999999994
