06 0.061875 0.6481250000000001 0.11123355263157894 0.06623355263157882
03 0.6187499999999999 0.288125 0.052491610738255035 0.031241610738255043
12 0.600625 0.3725 0.05870689655172412 0.0749568965517241
06 0.34625 0.078125 0.11249444444444445 0.10124444444444446
06 0.8743779761904762 0.49875 0.021244047619047524 0.11998809523809523
06 0.6312500000000001 0.845 0.022492977528089875 0.15249297752808988
03 0.11875122549019607 0.77875 0.06499754901960784 0.03749509803921569
20 0.8981250000000001 0.475 0.036206896551724044 0.032456896551724124
06 0.2175 0.0975 0.11497844827586207 0.01497844827586206
02 0.59625 0.35375 0.06988636363636369 0.04238636363636361
20 0.95375 0.216875 0.037485795454545334 0.028735795454545465
14 0.926875 0.40625 0.07871951219512208 0.03746951219512196
