03 0.023125 0.18625 0.018733552631578942 0.04248355263157899
13 0.494375 0.419375 0.056241610738255066 0.048741610738255
03 0.536875 0.34624999999999995 0.04870689655172411 0.03995689655172413
06 0.245625 0.451875 0.11124444444444442 0.03624444444444447
11 0.1225 0.655625 0.04998809523809522 0.0562380952380952
14 0.333125 0.530625 0.03374297752808986 0.0312429775280898
18 0.443125 0.729375 0.03374509803921566 0.03624509803921572
02 0.125 0.428125 0.07245689655172412 0.05370689655172417
14 0.694375 0.34125 0.05872844827586221 0.07497844827586209
03 0.765625 0.9425 0.053636363636363704 0.03738636363636383
20 0.7075 0.373125 0.04998579545454529 0.04623579545454548
03 0.27249999999999996 0.37625 0.03746951219512201 0.024969512195121946
09 0.254375 0.528125 0.05623214285714284 0.043732142857142775
00 0.504375 0.869375 0.056237499999999996 0.033737499999999976
