06 0.10500000000000001 0.861875 0.022483552631578932 0.141233552631579
04 0.895 0.5874999999999999 0.06499161073825488 0.06249161073825504
02 0.33375 0.825625 0.09495689655172412 0.0962068965517241
05 0.33187500000000003 0.738125 0.08124444444444445 0.05624444444444432
07 0.44 0.63625 0.0774880952380953 0.21498809523809514
20 0.6231249999999999 0.694375 0.06874297752808978 0.043742977528089866
04 0.63625 0.5137499999999999 0.059995098039215655 0.05499509803921565
04 0.628125 0.22875 0.05620689655172406 0.05245689655172414
11 0.21875 0.396875 0.06997844827586208 0.04622844827586209
05 0.51125 0.503125 0.0898863636363636 0.043636363636363584
