13 0.23249999999999998 0.21500000000000002 0.07248355263157899 0.14248355263157897
12 0.23812499999999998 0.505 0.041241610738255025 0.03999161073825502
10 0.88625 0.28875 0.032456896551724124 0.032456896551724124
12 0.6475 0.66375 0.039994444444444444 0.05999444444444446
18 0.335625 0.9568749999999999 0.021238095238095278 0.023738095238095114
12 0.79875 0.8831249999999999 0.039992977528089835 0.04124297752808992
01 0.08812500000000001 0.291875 0.023745098039215692 0.0162450980392157
07 0.871885775862069 0.2 0.04872844827586209 0.052456896551724114
04 0.27 0.130625 0.03497844827586205 0.02872844827586206
10 0.8612500000000001 0.753125 0.03488636363636377 0.0336363636363638
06 0.39125 0.26062144886363636 0.07748579545454548 0.07374289772727272
07 0.226875 0.5818749999999999 0.07371951219512196 0.10121951219512193
02 0.281875 0.660625 0.028732142857142817 0.03873214285714277
18 0.415625 0.25937499999999997 0.023737500000000022 0.026237499999999997
