06 0.443125 0.41125 0.02373355263157889 0.09248355263157892
15 0.79125 0.48062499999999997 0.04499161073825486 0.05624161073825501
13 0.021875000000000002 0.36250000000000004 0.03370689655172414 0.02995689655172412
10 0.720625 0.5587500000000001 0.023744444444444346 0.022494444444444484
00 0.5706249999999999 0.600625 0.031238095238095176 0.02873809523809523
13 0.788125 0.060625 0.04124297752808992 0.07124297752808989
20 0.761875 0.468125 0.02624509803921571 0.023745098039215706
13 0.051250000000000004 0.590625 0.024956896551724145 0.03870689655172421
01 0.239375 0.9393750000000001 0.016228448275862062 0.018728448275862175
17 0.365 0.53375 0.027386363636363598 0.029886363636363655
03 0.42125 0.25 0.03498579545454544 0.047485795454545454
00 0.255 0.84375 0.03246951219512198 0.02496951219512189
06 0.190625 0.25 0.02123214285714284 0.019982142857142837
