13 0.2425 0.830625 0.11998355263157898 0.07123355263157893
18 0.855 0.16375 0.024991610738254844 0.02749161073825504
06 0.24 0.16999999999999998 0.10995689655172414 0.042456896551724105
06 0.538125 0.015625 0.1262444444444445 0.031244444444444443
07 0.7050000000000001 0.73875 0.10998809523809505 0.07748809523809519
02 0.7849982443820225 0.320625 0.049996488764044944 0.05124297752808982
10 0.6643749999999999 0.446875 0.036245098039215606 0.031245098039215657
03 0.49875 0.47 0.024956896551724173 0.017456896551724166
12 0.705625 0.4125 0.046228448275862255 0.07997844827586204
15 0.60875 0.96375 0.07738636363636364 0.02488636363636365
09 0.17875000000000002 0.8731249999999999 0.027485795454545464 0.04623579545454526
07 0.323125 0.4675 0.016219512195121966 0.05496951219512197
04 0.49687499999999996 0.205625 0.03373214285714282 0.036232142857142824
