10 0.755625 0.07125 0.023733552631578947 0.022483552631578946
18 0.596875 0.50625 0.018741610738255088 0.022491610738255063
07 0.819375 0.87625 0.018706896551724195 0.03495689655172418
00 0.816875 0.33999999999999997 0.023744444444444346 0.024994444444444486
12 0.971875 0.541875 0.028738095238095118 0.04873809523809536
12 0.344375 0.6681250000000001 0.04624297752808987 0.03124297752808991
15 0.9468749999999999 0.75 0.011245098039215695 0.027495098039215682
14 0.55 0.67875 0.01745689655172411 0.05245689655172414
11 0.46375 0.173125 0.029978448275862046 0.02372844827586207
02 0.22125 0.84 0.02488636363636365 0.049886363636363784
13 0.9106285511363637 0.256875 0.038742897727272685 0.0362357954545455
05 0.2225 0.684375 0.017469512195121994 0.03621951219512198
