06 0.8862458881578947 0.5175 0.0774917763157894 0.0649835526315789
01 0.79125 0.371875 0.042491610738254915 0.03624161073825505
18 0.8343750000000001 0.94 0.023706896551724088 0.02495689655172406
06 0.41625 0.5706249999999999 0.0399944444444445 0.018744444444444563
04 0.1225 0.20750000000000002 0.03748809523809525 0.029988095238095286
14 0.6368750000000001 0.23312499999999997 0.03374297752808986 0.038742977528089834
06 0.12375 0.90375 0.05249509803921569 0.1049950980392157
10 0.91375 0.106875 0.03745689655172413 0.03620689655172413
15 0.045625 0.649375 0.051228448275862065 0.04122844827586203
00 0.10375000000000001 0.6125 0.02988636363636364 0.02488636363636354
08 0.66125 0.280625 0.037485795454545334 0.05623579545454549
