10 0.55375 0.5037499999999999 0.02498355263157892 0.022483552631578863
02 0.366875 0.15625 0.031241610738255043 0.022491610738255063
18 0.503125 0.8668750000000001 0.01870689655172414 0.02120689655172414
05 0.498125 0.9237500000000001 0.023744444444444457 0.029994444444444324
20 0.048125 0.47062499999999996 0.011238095238095235 0.008738095238095267
07 0.684375 0.59125 0.04124297752808992 0.022492977528089875
10 0.30562500000000004 0.848125 0.026245098039215653 0.021245098039215704
03 0.6268750000000001 0.82125 0.018706896551724195 0.032456896551724124
06 0.8887499999999999 0.85625 0.00997844827586214 0.06497844827586219
13 0.383125 0.924375 0.08113636363636356 0.04613636363636375
