10 0.589375 0.5 0.023733552631578947 0.02498355263157892
10 0.69875 0.59375 0.022491610738254897 0.02249161073825512
11 0.4925 0.9381250000000001 0.02495689655172406 0.02120689655172414
13 0.5081249999999999 0.67 0.0737444444444445 0.04499444444444434
20 0.39625 0.22249999999999998 0.017488095238095247 0.017488095238095275
06 0.056874999999999995 0.739375 0.041242977528089884 0.046242977528089924
18 0.925 0.16875 0.014995098039215615 0.0174950980392157
01 0.70625 0.6275 0.014956896551724053 0.00995689655172416
03 0.040624999999999994 0.12062500000000001 0.04122844827586206 0.016228448275862076
18 0.8225 0.49375 0.012386363636363695 0.014886363636363642
20 0.034999999999999996 0.761875 0.017485795454545452 0.016235795454545343
