10 0.935 0.07312500000000001 0.019983552631578916 0.016233552631578968
04 0.505 0.40812499999999996 0.022491610738255063 0.023741610738255037
03 0.14875 0.735 0.017456896551724138 0.01745689655172411
03 0.19125 0.74125 0.01249444444444442 0.022494444444444373
03 0.656875 0.415625 0.016238095238095163 0.021238095238095278
04 0.9299999999999999 0.155 0.022492977528089875 0.019992977528089872
08 0.8756237745098039 0.24125 0.013747549019607841 0.029995098039215684
11 0.7581249999999999 0.056875 0.02120689655172414 0.01620689655172415
08 0.9387446120689655 0.1075 0.01998922413793114 0.029978448275862074
06 0.6175 0.405625 0.05488636363636368 0.018636363636363618
01 0.5125 0.599375 0.01498579545454548 0.013735795454545396
