13 0.685 0.25312500000000004 0.04998355263157894 0.12373355263157898
18 0.4625 0.6131249999999999 0.029991610738255015 0.031241610738255043
17 0.938125 0.774375 0.05120689655172406 0.053706896551724115
09 0.165625 0.3175 0.05374444444444443 0.03749444444444444
14 0.25187499999999996 0.265 0.046238095238095245 0.029988095238095258
03 0.6956249999999999 0.935 0.05624297752808982 0.04249297752808989
15 0.359375 0.7887500000000001 0.06624509803921574 0.03999509803921575
03 0.525 0.24562499999999998 0.057456896551724146 0.05120689655172414
20 0.71875 0.286875 0.04747844827586212 0.04622844827586203
09 0.924375 0.035 0.028636363636363682 0.052386363636363634
08 0.3625 0.965625 0.06248579545454547 0.021235795454545348
