07 0.9243791118421052 0.42375 0.048741776315789465 0.057483552631578894
15 0.8725 0.9325 0.08749161073825495 0.022491610738254897
15 0.80625 0.699375 0.014956896551724164 0.036206896551724155
05 0.69625 0.6856249999999999 0.019994444444444315 0.051244444444444315
10 0.195625 0.5118750000000001 0.036238095238095264 0.03623809523809529
04 0.328125 0.330625 0.028742977528089853 0.03374297752808986
03 0.191875 0.308125 0.07124509803921569 0.08874509803921571
11 0.3375 0.703125 0.032456896551724124 0.04120689655172405
04 0.484375 0.403125 0.03372844827586202 0.028728448275862073
11 0.77 0.813125 0.03488636363636377 0.033636363636363686
11 0.09875 0.62 0.04248579545454545 0.029985795454545494
10 0.365625 0.236875 0.03121951219512198 0.03121951219512198
10 0.7275 0.176875 0.029982142857142846 0.026232142857142815
10 0.210625 0.574375 0.04123750000000001 0.033737499999999976
