10 0.19687500000000002 0.48750000000000004 0.026233552631578977 0.027483552631578922
06 0.700625 0.6068729026845637 0.10124161073825488 0.02124580536912757
04 0.170625 0.9775 0.03370689655172415 0.03495689655172407
18 0.361875 0.8418749999999999 0.023744444444444457 0.026244444444444404
06 0.47375 0.90375 0.10748809523809527 0.029988095238095203
14 0.51 0.82875 0.029992977528089826 0.03749297752808989
20 0.13625 0.885625 0.0324950980392157 0.03374509803921577
00 0.084375 0.62625 0.03620689655172414 0.02745689655172412
20 0.129375 0.509375 0.021228448275862052 0.026228448275862126
03 0.6425000000000001 0.659375 0.04238636363636361 0.053636363636363704
