18 0.356875 0.176875 0.016233552631578885 0.01873355263157897
10 0.953125 0.14625 0.02374161073825487 0.022491610738255036
03 0.084375 0.909375 0.07120689655172414 0.053706896551724115
06 0.96125 0.7418750000000001 0.012494444444444364 0.016244444444444395
07 0.700625 0.505625 0.031238095238095176 0.01623809523809533
00 0.474375 0.41875 0.028742977528089853 0.029992977528089826
04 0.09312500000000001 0.1975 0.02124509803921569 0.019995098039215703
07 0.6437392241379309 0.12 0.004978448275862024 0.04745689655172412
11 0.051875000000000004 0.520625 0.02372844827586207 0.016228448275862117
06 0.020624999999999998 0.195 0.018636363636363635 0.06988636363636366
15 0.70625 0.8756250000000001 0.019985795454545374 0.011235795454545339
15 0.7581249999999999 0.6387499999999999 0.013719512195122019 0.012469512195122046
