14 0.335625 0.7625 0.01123355263157888 0.01748355263157897
11 0.04875 0.87 0.01749161073825503 0.014991610738254835
11 0.36812500000000004 0.94125 0.013706896551724135 0.014956896551724164
05 0.018125 0.12187500000000001 0.011244444444444444 0.016244444444444464
13 0.19437500000000002 0.7537499999999999 0.12373809523809523 0.08748809523809509
13 0.26249999999999996 0.505625 0.04249297752808984 0.04624297752808987
11 0.27749999999999997 0.131875 0.02499509803921568 0.023745098039215692
14 0.268125 0.651875 0.02120689655172414 0.016206896551724137
04 0.47375 0.356875 0.01747844827586209 0.011228448275862113
12 0.708125 0.38125 0.018636363636363784 0.022386363636363593
14 0.985625 0.7649999999999999 0.01873579545454529 0.012485795454545312
12 0.535625 0.145625 0.02121951219512197 0.03371951219512195
13 0.055624999999999994 0.520625 0.05373214285714285 0.05123214285714278
02 0.760625 0.8674999999999999 0.023737499999999967 0.022487500000000105
