07 0.15625 0.611875 0.06748355263157894 0.061233552631578925
08 0.483125 0.12937500000000002 0.033741610738255046 0.06874161073825505
18 0.35062499999999996 0.13125 0.023706896551724144 0.027456896551724133
17 0.709375 0.5306249999999999 0.031244444444444408 0.043744444444444475
03 0.891875 0.5218750000000001 0.023738095238095114 0.03873809523809524
06 0.28062324438202246 0.8300000000000001 0.03374648876404496 0.08499297752808987
13 0.7525 0.94375 0.027495098039215793 0.10249509803921564
13 0.79 0.9356249999999999 0.08245689655172417 0.053706896551724115
06 0.786875 0.860625 0.07872844827586212 0.028728448275862184
00 0.496875 0.11499999999999999 0.03113636363636363 0.022386363636363635
20 0.78 0.9737499999999999 0.02498579545454538 0.02248579545454532
