01 0.5662499999999999 0.953125 0.029983552631578925 0.02873355263157884
04 0.27 0.32437499999999997 0.03499161073825502 0.033741610738255046
03 0.364375 0.26873922413793105 0.05120689655172417 0.07997844827586204
06 0.7306250000000001 0.458125 0.061244444444444324 0.09874444444444452
04 0.128125 0.81 0.041238095238095226 0.03748809523809504
14 0.901875 0.275 0.08624297752808985 0.02999297752808988
06 0.30000122549019603 0.176875 0.04749754901960784 0.11374509803921569
04 0.0325 0.030625000000000003 0.03745689655172414 0.02870689655172414
13 0.8425 0.776875 0.059978448275862184 0.08622844827586218
14 0.29125 0.42937499999999995 0.03738636363636366 0.046136363636363587
