16 0.33062499999999995 0.89625 0.03623355263157896 0.04998355263157883
10 0.839375 0.14687499999999998 0.01624161073825492 0.013741610738255056
18 0.93625 0.24125000000000002 0.019956896551724168 0.022456896551724143
06 0.7093750000000001 0.46125000000000005 0.016244444444444395 0.09999444444444455
12 0.20937499999999998 0.729375 0.048738095238095275 0.048738095238095136
14 0.188125 0.8106249999999999 0.051242977528089845 0.03124297752808991
15 0.72875 0.68 0.024995098039215735 0.027495098039215682
05 0.8318749999999999 0.588125 0.03120689655172415 0.018706896551724084
02 0.9625 0.961875 0.03497844827586216 0.01622844827586223
15 0.24375 0.766875 0.04738636363636367 0.04113636363636375
