06 0.318125 0.5725 0.11123355263157897 0.04248355263157899
03 0.703125 0.1325 0.018741610738254977 0.049991610738255046
11 0.786875 0.6425 0.0387068965517241 0.03745689655172413
02 0.424375 0.08 0.061244444444444546 0.07249444444444444
11 0.6624999999999999 0.414375 0.04498809523809533 0.03623809523809529
11 0.560625 0.87125 0.03874297752808986 0.03749297752808989
14 0.569375 0.21375 0.018745098039215757 0.03499509803921569
14 0.8768750000000001 0.7762500000000001 0.043706896551724106 0.032456896551724124
13 0.6112500000000001 0.363125 0.0849784482758621 0.14372844827586206
10 0.365625 0.051250000000000004 0.023636363636363622 0.027386363636363632
