18 0.40875 0.83 0.022483552631578863 0.02498355263157892
13 0.490625 0.203125 0.06874161073825502 0.023741610738255037
03 0.03125 0.643125 0.027456896551724144 0.043706896551724106
06 0.480625 0.529375 0.05124444444444454 0.026244444444444515
02 0.466875 0.6668749999999999 0.021238095238095278 0.06373809523809515
11 0.025 0.794375 0.02249297752808989 0.016242977528089786
14 0.610625 0.895 0.013745098039215642 0.032495098039215686
04 0.0225 0.41375 0.02245689655172414 0.019956896551724168
09 0.36 0.060625 0.027478448275862044 0.016228448275862062
12 0.313125 0.39 0.03113636363636363 0.0298863636363636
03 0.788125 0.7168749999999999 0.026235795454545352 0.04623579545454526
