04 0.678125 0.76125 0.05623355263157892 0.04498355263157894
14 0.47 0.731875 0.047491610738255086 0.07624161073825497
07 0.9418857758620689 0.830625 0.026228448275862015 0.08620689655172409
02 0.9437500000000001 0.271875 0.04999444444444434 0.05374444444444443
01 0.49062500000000003 0.058750000000000004 0.05623809523809531 0.052488095238095236
07 0.72375 0.0475 0.1249929775280898 0.0749929775280899
04 0.4225 0.981875 0.0449950980392157 0.036245098039215606
03 0.12 0.21375 0.09245689655172414 0.05995689655172412
14 0.47687500000000005 0.6531250000000001 0.031228448275862075 0.046228448275862144
04 0.6925 0.42562500000000003 0.04488636363636367 0.048636363636363644
