11 0.483125 0.295625 0.02623355263157895 0.023733552631579002
10 0.440625 0.878125 0.031241610738255043 0.02374161073825498
15 0.6425 0.25187499999999996 0.01745689655172411 0.041206896551724104
15 0.869375 0.22562500000000002 0.016244444444444284 0.02374444444444443
04 0.344375 0.6074999999999999 0.028738095238095285 0.02498809523809531
12 0.5125 0.5762499999999999 0.04749297752808984 0.04499297752808984
08 0.321875 0.51875 0.018745098039215702 0.042495098039215695
06 0.36875 0.460625 0.014956896551724108 0.026206896551724146
15 0.34562499999999996 0.524375 0.05372844827586204 0.028728448275862073
15 0.669375 0.80375 0.016136363636363726 0.022386363636363704
09 0.6825 0.025625000000000002 0.03498579545454539 0.03123579545454546
