09 0.29000000000000004 0.50375 0.03998355263157899 0.08748355263157892
01 0.78 0.233125 0.052491610738254924 0.033741610738255046
15 0.349375 0.910625 0.19870689655172413 0.10870689655172416
14 0.944375 0.6124999999999999 0.06874444444444439 0.09249444444444443
05 0.79125 0.818125 0.05998809523809512 0.08373809523809506
10 0.040625 0.586875 0.04124297752808989 0.10624297752808987
13 0.640625 0.8049999999999999 0.08374509803921559 0.13499509803921572
13 0.7475 0.788125 0.21745689655172418 0.0962068965517241
15 0.401875 0.655625 0.1187284482758621 0.07872844827586212
12 0.10750000000000001 0.7525 0.13488636363636364 0.14738636363636382
10 0.788125 0.084375 0.10623579545454531 0.061235795454545466
03 0.128125 0.49312500000000004 0.09121951219512195 0.06621951219512195
10 0.18374999999999997 0.24875 0.06998214285714285 0.06998214285714283
06 0.40625 0.81875 0.08748750000000005 0.05498749999999997
