19 0.09125 0.195625 0.10748355263157894 0.05123355263157897
18 0.125 0.22875 0.05999161073825504 0.06249161073825504
15 0.585 0.15625 0.04495689655172408 0.04745689655172414
14 0.084375 0.109375 0.07874444444444445 0.048744444444444465
03 0.34562499999999996 0.399375 0.05123809523809525 0.18373809523809526
08 0.579375 0.8731249999999999 0.1312429775280899 0.09624297752808986
11 0.831875 0.55125 0.09874509803921572 0.05499509803921576
06 0.16 0.35125 0.03995689655172413 0.07245689655172416
11 0.71625 0.5525 0.09997844827586222 0.08747844827586215
14 0.253125 0.24874999999999997 0.08113636363636367 0.059886363636363654
19 0.308125 0.133125 0.0687357954545455 0.10123579545454546
04 0.23562500000000003 0.496875 0.088719512195122 0.053719512195122054
08 0.29312499999999997 0.525 0.06373214285714285 0.13998214285714283
