15 0.619375 0.07874999999999999 0.01873355263157883 0.04248355263157895
04 0.135625 0.44 0.018741610738255032 0.022491610738255008
03 0.358125 0.090625 0.01620689655172408 0.04870689655172414
13 0.41500000000000004 0.14187499999999997 0.07999444444444453 0.08124444444444442
14 0.244375 0.934375 0.026238095238095283 0.031238095238095176
09 0.7375 0.361875 0.029992977528089937 0.0212429775280899
01 0.794375 0.7537499999999999 0.018745098039215757 0.012495098039215669
11 0.344375 0.35375 0.026206896551724146 0.024956896551724117
07 0.9550000000000001 0.0475 0.01997844827586215 0.034978448275862065
13 0.4225 0.535625 0.04238636363636361 0.04113636363636353
04 0.785625 0.6325 0.026235795454545352 0.02498579545454538
02 0.67 0.490625 0.019969512195121997 0.02621951219512203
11 0.22062500000000002 0.983125 0.028732142857142845 0.02373214285714287
