04 0.10062499999999999 0.0325 0.04123355263157896 0.029983552631578952
18 0.368125 0.149375 0.031241610738255043 0.031241610738255043
15 0.568125 0.46875 0.0237068965517242 0.08995689655172412
02 0.9293750000000001 0.13874999999999998 0.03874444444444436 0.03749444444444447
14 0.941875 0.2925 0.031238095238095065 0.059988095238095285
02 0.515625 0.3175 0.03874297752808986 0.04249297752808989
16 0.500625 0.06125 0.06374509803921574 0.04499509803921569
04 0.8243750000000001 0.07125 0.043706896551724106 0.029956896551724142
14 0.4375 0.973125 0.04747844827586212 0.0437284482758622
14 0.18562499999999998 0.965625 0.03863636363636366 0.0336363636363638
02 0.311875 0.384375 0.02373579545454546 0.041235795454545476
