14 0.854375 0.874375 0.033733552631578956 0.03873355263157885
16 0.155625 0.28812499999999996 0.05624161073825504 0.03874161073825505
06 0.361875 0.11624999999999999 0.06370689655172412 0.009956896551724118
13 0.92125 0.1175 0.047494444444444284 0.04999444444444445
17 0.78375 0.6425 0.03998809523809521 0.04748809523809516
13 0.701875 0.436875 0.03874297752808986 0.10374297752808986
06 0.30625 0.9537500000000001 0.08249509803921568 0.06249509803921571
04 0.51125 0.6174999999999999 0.039956896551724075 0.049956896551724195
07 0.043125 0.210625 0.04872844827586206 0.018728448275862064
14 0.90875 0.1075 0.0798863636363637 0.029886363636363628
