03 0.6581250000000001 0.46625 0.05373355263157886 0.019983552631578916
00 0.315625 0.819375 0.02624161073825504 0.021241610738254924
01 0.6643749999999999 0.16062500000000002 0.023706896551724088 0.01620689655172411
16 0.35562499999999997 0.5725 0.05124444444444448 0.04499444444444456
20 0.5506249999999999 0.821875 0.026238095238095283 0.02623809523809517
18 0.32875 0.6737500000000001 0.019992977528089872 0.022492977528089875
04 0.23625 0.78 0.03999509803921569 0.027495098039215682
18 0.96 0.39 0.01745689655172411 0.019956896551724113
04 0.7068749999999999 0.375625 0.036228448275862246 0.02622844827586207
13 0.31937499999999996 0.7425 0.028636363636363626 0.11488636363636373
13 0.685 0.5725 0.0499857954545454 0.06498579545454541
12 0.758125 0.133125 0.04121951219512199 0.04871951219512194
15 0.374375 0.11125 0.023732142857142813 0.07748214285714286
20 0.13374999999999998 0.579375 0.017487500000000017 0.016237500000000016
