00 0.166875 0.359375 0.04873355263157894 0.04623355263157891
13 0.625 0.253125 0.132491610738255 0.11374161073825503
00 0.4425 0.47624999999999995 0.049956896551724084 0.02995689655172412
19 0.030625 0.24312499999999998 0.041244444444444445 0.046244444444444394
10 0.5262500000000001 0.819375 0.037488095238095265 0.03623809523809507
11 0.8631249999999999 0.13 0.04624297752808981 0.03999297752808989
16 0.434375 0.790625 0.04874509803921567 0.07124509803921564
20 0.43625 0.861875 0.027456896551724175 0.018706896551724195
15 0.235625 0.448125 0.05372844827586204 0.04122844827586203
02 0.90125 0.6612500000000001 0.03238636363636371 0.07238636363636364
00 0.50625 0.5081249999999999 0.05248579545454546 0.04873579545454543
03 0.238125 0.729375 0.058719512195122 0.05371951219512194
02 0.38125 0.359375 0.04998214285714281 0.05123214285714284
