02 0.94625 0.739375 0.03248355263157887 0.06873355263157888
14 0.253125 0.27749999999999997 0.07374161073825503 0.05499161073825504
03 0.499375 0.200625 0.05870689655172412 0.016206896551724137
06 0.6925013888888889 0.473125 0.0674972222222221 0.15124444444444451
13 0.17312499999999997 0.40625 0.1987380952380952 0.04998809523809522
17 0.211875 0.375 0.03874297752808986 0.049992977528089844
00 0.6012500000000001 0.44437499999999996 0.03999509803921575 0.033745098039215715
15 0.26 0.265625 0.02745689655172412 0.023706896551724088
16 0.5262500000000001 0.274375 0.04497844827586206 0.07122844827586203
11 0.583125 0.578125 0.04113636363636353 0.031136363636363518
14 0.411875 0.5125 0.08123579545454546 0.027485795454545436
18 0.73625 0.47125 0.029969512195122006 0.03246951219512195
