03 0.75875 0.095 0.06998355263157896 0.027483552631578936
13 0.32499999999999996 0.11812500000000001 0.04499161073825503 0.04124161073825505
08 0.5343857758620689 0.700625 0.02372844827586207 0.01370689655172408
05 0.590625 0.38749999999999996 0.018744444444444563 0.0399944444444445
13 0.12812500000000002 0.26 0.10623809523809526 0.10748809523809524
01 0.51125 0.06375 0.024992977528089877 0.01999297752808988
06 0.46749999999999997 0.375 0.09499509803921569 0.017495098039215673
12 0.9606250000000001 0.6656249999999999 0.036206896551724044 0.043706896551724106
15 0.7825 0.9375 0.0050000000000000044 0.0274784482758621
06 0.1969034090909091 0.53 0.026193181818181838 0.014886363636363642
03 0.796875 0.42625 0.03623579545454536 0.022485795454545487
10 0.12875 0.5774999999999999 0.024969512195121946 0.024969512195122
06 0.9431294642857143 0.30562500000000004 0.038741071428571416 0.08373214285714287
03 0.0525 0.694375 0.0449875 0.05623750000000005
