04 0.819375 0.355 0.02873355263157895 0.022483552631578918
15 0.885 0.8418749999999999 0.03499161073825485 0.018741610738254866
20 0.361875 0.33187500000000003 0.036206896551724155 0.0362068965517241
00 0.60625 0.5575 0.03499444444444444 0.0374944444444445
14 0.10625 0.891875 0.034988095238095235 0.048738095238095136
14 0.10750000000000001 0.8131250000000001 0.019992977528089886 0.03374297752808986
09 0.4125 0.14875 0.032495098039215686 0.03999509803921569
01 0.968125 0.943125 0.03370689655172421 0.02120689655172414
12 0.7893749999999999 0.35375 0.08122844827586218 0.05747844827586207
02 0.649375 0.22312500000000002 0.03113636363636374 0.03613636363636366
20 0.39625 0.701875 0.027485795454545436 0.0287357954545453
14 0.476875 0.33875 0.04121951219512199 0.039969512195122014
04 0.43437499999999996 0.9225 0.028732142857142817 0.032482142857142904
