15 0.15875 0.114375 0.024983552631578948 0.06373355263157894
13 0.83125 0.08 0.05749161073825493 0.04999161073825503
00 0.764375 0.874375 0.0337068965517241 0.036206896551724155
00 0.6993750000000001 0.7281249999999999 0.03624444444444441 0.03874444444444436
14 0.54375 0.259375 0.04248809523809527 0.02373809523809528
05 0.6374982443820225 0.8612500000000001 0.03499648876404493 0.019992977528089928
06 0.44437499999999996 0.9137500000000001 0.03624509803921566 0.022495098039215677
14 0.420625 0.65 0.041206896551724104 0.024956896551724173
03 0.5506249999999999 0.351875 0.021228448275862122 0.03372844827586208
14 0.345625 0.514375 0.02113636363636362 0.05113636363636359
18 0.6025 0.8362499999999999 0.019985795454545485 0.02248579545454532
09 0.0325 0.325 0.03746951219512195 0.029969512195122006
13 0.865 0.900625 0.06248214285714282 0.04623214285714283
11 0.80625 0.874375 0.0324875 0.03873750000000009
