06 0.33999999999999997 0.195 0.01248355263157891 0.05998355263157898
10 0.3025 0.794375 0.01999161073825506 0.021241610738254812
10 0.13625 0.22999999999999998 0.02495689655172413 0.01995689655172414
02 0.0925 0.054375 0.014994444444444463 0.01874444444444444
07 0.244375 0.36124999999999996 0.018738095238095248 0.049988095238095276
07 0.6399999999999999 0.9375 0.03499297752808983 0.03249297752808977
03 0.1475 0.94625 0.03749509803921569 0.03749509803921569
19 0.16375 0.21687499999999998 0.009956896551724131 0.011206896551724105
20 0.830625 0.052500000000000005 0.018728448275862175 0.014978448275862068
10 0.775 0.22999999999999998 0.022386363636363704 0.01488636363636367
