12 0.75375 0.361875 0.057483552631578894 0.06373355263157887
03 0.8600000000000001 0.32125000000000004 0.09999161073825491 0.03749161073825508
01 0.84625 0.690625 0.03745689655172413 0.03870689655172421
20 0.059375 0.685625 0.031244444444444436 0.033744444444444355
12 0.775625 0.658125 0.09623809523809512 0.06623809523809521
20 0.3 0.296875 0.029992977528089826 0.0212429775280899
06 0.9375 0.19687500000000002 0.034995098039215744 0.13124509803921572
06 0.468125 0.13124999999999998 0.0387068965517241 0.05745689655172412
10 0.06 0.7675 0.05747844827586207 0.05247844827586223
03 0.55625 0.943125 0.03988636363636355 0.05613636363636365
03 0.79625 0.8831249999999999 0.06998579545454531 0.06373579545454533
07 0.30125 0.434375 0.04496951219512196 0.06871951219512196
11 0.899375 0.703125 0.05123214285714284 0.05623214285714284
