02 0.35250000000000004 0.48875 0.017483552631578914 0.06248355263157884
07 0.459375 0.30374999999999996 0.02124161073825509 0.04249161073825508
18 0.47125 0.199375 0.01745689655172411 0.01870689655172414
13 0.150625 0.153125 0.09874444444444444 0.02624444444444443
04 0.98 0.9312499999999999 0.027488095238095145 0.02248809523809514
03 0.9187517556179776 0.571875 0.032496488764044984 0.016242977528089897
19 0.5643750000000001 0.985 0.028745098039215766 0.014995098039215726
03 0.5081249999999999 0.9175 0.04120689655172416 0.022456896551724115
06 0.258125 0.13125 0.031228448275862103 0.034978448275862065
03 0.905 0.6525000000000001 0.05238636363636373 0.024886363636363762
03 0.808125 0.66125 0.023735795454545294 0.027485795454545325
