15 0.635625 0.724375 0.023733552631578947 0.016233552631578885
03 0.6118770973154362 0.334375 0.016245805369127564 0.02624161073825504
06 0.195625 0.797489224137931 0.08370689655172414 0.022478448275862095
20 0.055 0.06687499999999999 0.022494444444444442 0.023744444444444443
16 0.87125 0.57125 0.027488095238095145 0.037488095238095265
09 0.29500000000000004 0.48 0.027492977528089824 0.03249297752808983
06 0.7050000000000001 0.17875000000000002 0.06249509803921571 0.0749950980392157
04 0.79125 0.721875 0.024956896551724173 0.02120689655172414
18 0.05375 0.98 0.017478448275862063 0.01997844827586226
14 0.58375 0.6799999999999999 0.027386363636363598 0.022386363636363815
20 0.068125 0.719375 0.026235795454545463 0.023735795454545405
09 0.9225 0.436875 0.022469512195121943 0.03121951219512198
03 0.933125 0.864375 0.036232142857142824 0.03373214285714288
