04 0.15812500000000002 0.45375 0.02873355263157895 0.027483552631578922
13 0.8125 0.28875 0.024991610738254844 0.10749161073825508
04 0.306875 0.385 0.02120689655172414 0.02995689655172412
11 0.140625 0.2475 0.02874444444444446 0.027494444444444405
18 0.700625 0.018125 0.01873809523809522 0.021238095238095236
04 0.825 0.628125 0.027492977528089768 0.0212429775280899
03 0.059375 0.588125 0.021245098039215697 0.031245098039215602
04 0.215 0.09937499999999999 0.024956896551724117 0.018706896551724125
05 0.466875 0.6425000000000001 0.01372844827586206 0.032478448275862104
07 0.801875 0.6125 0.05113636363636376 0.022386363636363593
15 0.53 0.66625 0.03248579545454544 0.019985795454545263
12 0.23562499999999997 0.22625 0.03121951219512195 0.05996951219512195
