18 0.495625 0.749375 0.031233552631578954 0.033733552631578956
04 0.86625 0.95875 0.04499161073825497 0.042491610738254915
15 0.06999999999999999 0.854375 0.04245689655172413 0.1012068965517241
05 0.22 0.035625000000000004 0.03249444444444444 0.041244444444444445
17 0.433125 0.749375 0.04123809523809524 0.058738095238095145
09 0.471875 0.9125000000000001 0.043742977528089866 0.07749297752808981
10 0.403125 0.7525 0.04374509803921567 0.02999509803921574
10 0.235 0.85375 0.034956896551724154 0.02745689655172412
00 0.13375 0.23375 0.047478448275862076 0.032478448275862076
03 0.176875 0.424375 0.031136363636363684 0.026136363636363624
03 0.603125 0.0975 0.04373579545454542 0.024985795454545462
08 0.743125 0.14999237804878052 0.07871951219512197 0.042484756097561
03 0.40625 0.965625 0.05498214285714287 0.03123214285714282
