08 0.825625 0.9 0.0362335526315789 0.012483552631578965
14 0.775625 0.039375 0.04124161073825494 0.02624161073825503
02 0.08124999999999999 0.5675 0.039956896551724144 0.0699568965517241
01 0.76125 0.881875 0.019994444444444426 0.021244444444444288
20 0.334375 0.968125 0.021238095238095278 0.016238095238095163
07 0.7318767556179775 0.4125 0.01374648876404494 0.024992977528089877
07 0.736875 0.806875 0.013745098039215642 0.02624509803921571
14 0.531875 0.05437500000000001 0.016206896551724137 0.04120689655172414
20 0.2425 0.1075 0.017478448275862063 0.019978448275862065
03 0.7262500000000001 0.32499999999999996 0.012386363636363806 0.01238636363636364
