07 0.381875 0.405 0.031233552631578898 0.027483552631578922
10 0.8787499999999999 0.5725 0.024991610738254955 0.02249161073825512
06 0.8043750000000001 0.7275 0.05620689655172406 0.029956896551724177
10 0.43625 0.8025 0.027494444444444543 0.017494444444444368
00 0.784375 0.6681250000000001 0.023738095238095114 0.023738095238095114
03 0.6000017556179775 0.75625 0.022496488764044864 0.05999297752808985
20 0.15812500000000002 0.666875 0.018745098039215674 0.018745098039215646
20 0.859375 0.359375 0.02120689655172403 0.018706896551724084
07 0.7962499999999999 0.4393696120689655 0.0174784482758622 0.036239224137931014
14 0.30562500000000004 0.7875 0.02613636363636368 0.04238636363636372
02 0.28 0.33 0.024985795454545434 0.019985795454545485
09 0.041249999999999995 0.055625 0.05996951219512195 0.04371951219512195
