11 0.555625 0.09375 0.026233552631578894 0.022483552631578946
00 0.68875 0.021875 0.022491610738254897 0.021241610738255035
13 0.5118750000000001 0.14875 0.03120689655172415 0.03745689655172413
15 0.9256249999999999 0.561875 0.01874444444444434 0.016244444444444506
00 0.48124999999999996 0.8768750000000001 0.024988095238095254 0.021238095238095167
15 0.479375 0.7206250000000001 0.018742977528089844 0.026242977528089795
11 0.455625 0.53375 0.02624509803921571 0.01999509803921573
13 0.16062500000000002 0.5225 0.05120689655172414 0.054956896551724144
20 0.3 0.37124999999999997 0.014978448275862033 0.014978448275862088
19 0.484375 0.12562500000000001 0.018636363636363562 0.033636363636363645
12 0.1125 0.958125 0.03498579545454547 0.03623579545454536
03 0.9212499999999999 0.40375 0.014969512195121992 0.01746951219512194
04 0.021249999999999998 0.39249999999999996 0.02248214285714286 0.017482142857142835
