06 0.8787499999999999 0.204375 0.08248355263157892 0.031233552631578954
06 0.361875 0.231875 0.06374161073825502 0.011241610738255026
20 0.8162499999999999 0.8400000000000001 0.022456896551724115 0.019956896551724168
17 0.37812500000000004 0.7481249999999999 0.028744444444444517 0.021244444444444288
12 0.101875 0.82875 0.02623809523809524 0.02998809523809509
03 0.694375 0.038125 0.01374297752808984 0.011242977528089892
00 0.2925 0.2675 0.01499509803921567 0.012495098039215669
13 0.75875 0.249375 0.05995689655172409 0.02120689655172414
15 0.640625 0.30562500000000004 0.021228448275862122 0.04622844827586209
07 0.185 0.0925 0.019886363636363646 0.01238636363636364
