12 0.23 0.375625 0.05998355263157901 0.0362335526315789
12 0.41000000000000003 0.738125 0.03999161073825502 0.04374161073825489
15 0.093125 0.42125 0.023706896551724116 0.044956896551724135
14 0.9199999999999999 0.41374999999999995 0.027494444444444377 0.02999444444444449
05 0.8656220238095238 0.32875 0.03374404761904759 0.01998809523809525
01 0.47 0.014374999999999999 0.014992977528089868 0.013742977528089888
04 0.8925000000000001 0.891875 0.03499509803921563 0.02624509803921571
06 0.12063577586206897 0.34125 0.07872844827586206 0.04245689655172413
10 0.54625 0.43875 0.014978448275862144 0.01247844827586203
04 0.36625 0.5406249999999999 0.022386363636363593 0.023636363636363567
19 0.29312499999999997 0.91 0.02373579545454546 0.017485795454545316
09 0.11812500000000001 0.23375 0.04371951219512195 0.024969512195121973
10 0.41000000000000003 0.158125 0.02248214285714284 0.02623214285714287
07 0.7587531249999999 0.343125 0.034993750000000046 0.023737500000000022
