10 0.8418749999999999 0.5875 0.018733552631578942 0.012483552631578965
13 0.46125 0.6275 0.014991610738255057 0.052491610738254924
11 0.455625 0.22875 0.026206896551724146 0.024956896551724145
05 0.14750000000000002 0.21625 0.024994444444444458 0.014994444444444421
02 0.235625 0.765 0.026238095238095283 0.01498809523809519
07 0.34312675561797756 0.613125 0.04374648876404491 0.04874297752808987
01 0.06937499999999999 0.134375 0.023745098039215692 0.0162450980392157
12 0.69625 0.60125 0.032456896551724124 0.03745689655172413
07 0.431875 0.514375 0.053728448275862095 0.01372844827586206
06 0.963125 0.03375 0.043636363636363695 0.027386363636363632
01 0.6100000000000001 0.41500000000000004 0.01498579545454548 0.017485795454545483
20 0.01125 0.52875 0.01496951219512195 0.012469512195122046
10 0.934375 0.044375 0.023732142857142757 0.01623214285714286
