07 0.590625 0.180625 0.09123355263157895 0.12373355263157897
18 0.09125 0.735625 0.03499161073825503 0.038741610738254884
12 0.29125 0.9043749999999999 0.06745689655172415 0.0812068965517242
20 0.94875 0.951875 0.03499444444444433 0.031244444444444408
18 0.37312500000000004 0.729375 0.038738095238095294 0.041238095238095074
01 0.7575000000000001 0.55125 0.03499297752808983 0.032492977528089884
20 0.17875 0.593125 0.0474950980392157 0.04124509803921561
00 0.724375 0.600625 0.061206896551724066 0.05120689655172417
08 0.5137499999999999 0.43 0.022478448275862095 0.024978448275862042
11 0.625 0.44125000000000003 0.05488636363636368 0.03738636363636355
15 0.683125 0.198125 0.06873579545454533 0.07873579545454545
12 0.41125 0.9525 0.10996951219512197 0.06996951219512204
03 0.9056249999999999 0.934375 0.07123214285714285 0.0737321428571428
