15 0.8987499999999999 0.91875 0.02498355263157881 0.012483552631578854
13 0.2925 0.64375 0.11499161073825503 0.03249161073825502
12 0.63625 0.549375 0.022456896551724115 0.03870689655172421
15 0.43125 0.323125 0.0424944444444445 0.02624444444444446
14 0.435 0.955625 0.019988095238095305 0.021238095238095167
13 0.48875 0.64375 0.057492977528089906 0.01749297752808987
03 0.889375 0.740625 0.028745098039215655 0.018745098039215646
04 0.80125 0.600625 0.032456896551724124 0.04120689655172416
01 0.165625 0.58125 0.021228448275862066 0.022478448275862095
18 0.49125 0.88125 0.01738636363636359 0.019886363636363757
