11 0.328125 0.60375 0.038733552631578905 0.037483552631578876
05 0.6637500000000001 0.180625 0.034991610738254963 0.03624161073825505
10 0.65875 0.15437499999999998 0.029956896551724177 0.026206896551724118
18 0.45125000000000004 0.065 0.024994444444444486 0.02749444444444444
06 0.2837529761904762 0.68625 0.027494047619047612 0.08748809523809509
06 0.859375 0.060625 0.10874297752808992 0.08874297752808988
12 0.779375 0.9056249999999999 0.04874509803921567 0.04374509803921567
00 0.8674999999999999 0.6212500000000001 0.039956896551724186 0.03495689655172407
03 0.665 0.10375000000000001 0.032478448275862215 0.034978448275862065
14 0.8225 0.6412500000000001 0.029886363636363766 0.04238636363636361
04 0.640625 0.770625 0.03623579545454536 0.0287357954545453
20 0.865625 0.668125 0.023719512195121917 0.02121951219512197
09 0.21 0.288125 0.02248214285714284 0.04123214285714283
13 0.10125 0.8987499999999999 0.04998750000000002 0.06248749999999992
