14 0.154375 0.1 0.031233552631578954 0.022483552631578932
10 0.47125 0.5562499999999999 0.03249161073825502 0.02999161073825507
13 0.37 0.6875 0.024956896551724173 0.10745689655172419
05 0.543125 0.96875 0.02874444444444446 0.03249444444444438
03 0.291875 0.1575 0.0462380952380953 0.02248809523809525
10 0.738125 0.0875 0.028742977528089853 0.019992977528089886
05 0.62375 0.75 0.042495098039215695 0.02249509803921579
16 0.604375 0.14 0.04120689655172405 0.052456896551724114
00 0.395 0.035 0.04247844827586206 0.04497844827586207
07 0.85625 0.800625 0.09488636363636382 0.02113636363636373
09 0.61625 0.274375 0.022485795454545432 0.031235795454545467
06 0.38812500000000005 0.3125 0.028719512195121977 0.09746951219512201
03 0.454375 0.37375 0.056232142857142786 0.11998214285714287
15 0.483125 0.18125 0.01623749999999996 0.0324875
