09 0.900625 0.538125 0.03873355263157885 0.031233552631578898
04 0.649375 0.620625 0.026241610738254928 0.013741610738255083
08 0.681260775862069 0.36312500000000003 0.09247844827586205 0.023706896551724144
10 0.826875 0.27875 0.0212444444444444 0.014994444444444421
06 0.294375 0.879375 0.026238095238095283 0.028738095238095118
13 0.020625 0.7050000000000001 0.03374297752808989 0.06249297752808991
03 0.290625 0.5974999999999999 0.023745098039215706 0.022495098039215677
15 0.10375000000000001 0.09812499999999999 0.02245689655172413 0.05370689655172413
01 0.045625 0.14125 0.02372844827586207 0.022478448275862067
07 0.260625 0.364375 0.0836363636363637 0.05363636363636359
