05 0.8825000000000001 0.5018750000000001 0.01748355263157897 0.04123355263157891
14 0.296875 0.874375 0.01624161073825503 0.018741610738254977
08 0.75 0.545 0.049956896551724084 0.02745689655172412
10 0.84125 0.670625 0.02249444444444426 0.0212444444444444
11 0.15625 0.03875 0.03248809523809526 0.019988095238095235
10 0.69 0.173125 0.02499297752808982 0.01624297752808984
04 0.39875000000000005 0.11875 0.02499509803921568 0.019995098039215675
03 0.515625 0.11875 0.06870689655172413 0.03745689655172413
06 0.2625 0.76 0.06747844827586205 0.07247844827586225
19 0.40437500000000004 0.6368750000000001 0.031136363636363573 0.016136363636363726
