07 0.575 0.254375 0.03498355263157882 0.02623355263157895
01 0.700625 0.79625 0.028741610738254875 0.02999161073825496
06 0.0675 0.7381249999999999 0.009956896551724145 0.07620689655172408
13 0.9606250000000001 0.06375 0.01124444444444428 0.022494444444444435
15 0.389375 0.238125 0.021238095238095223 0.02373809523809528
01 0.396875 0.033125 0.011242977528089837 0.011242977528089886
13 0.364375 0.6575 0.04374509803921567 0.017495098039215673
03 0.35562499999999997 0.869375 0.03370689655172415 0.02120689655172414
01 0.249375 0.965625 0.013728448275862087 0.013728448275862282
05 0.459375 0.59875 0.031136363636363573 0.019886363636363535
00 0.711875 0.669375 0.0287357954545453 0.0187357954545454
20 0.486875 0.16000000000000003 0.026219512195121975 0.01996951219512197
10 0.313125 0.38875000000000004 0.011232142857142857 0.01248214285714283
