12 0.47 0.793125 0.02998355263157887 0.0362335526315789
09 0.593125 0.303125 0.038741610738254995 0.02624161073825504
03 0.6925 0.636875 0.019956896551724057 0.036206896551724155
08 0.12375 0.13125 0.04749444444444445 0.012494444444444475
06 0.35875 0.2425 0.017488095238095247 0.049988095238095304
04 0.9125 0.7225 0.029992977528089826 0.02749297752808988
03 0.23249999999999998 0.565 0.012495098039215696 0.0574950980392156
13 0.7075 0.530625 0.0749568965517241 0.03370689655172421
03 0.040624999999999994 0.738125 0.01622844827586207 0.02372844827586218
04 0.33125000000000004 0.6912499999999999 0.01988636363636359 0.0173863636363637
20 0.855 0.468125 0.01498579545454537 0.01123579545454545
13 0.731875 0.695 0.02871951219512192 0.06246951219512198
