01 0.515625 0.081875 0.008733552631578823 0.006233552631578945
17 0.635625 0.6393749999999999 0.018741610738254977 0.018741610738254977
05 0.1 0.8025 0.027456896551724133 0.02745689655172412
18 0.079375 0.236875 0.021244444444444455 0.02374444444444443
18 0.649375 0.680625 0.013738095238095105 0.016238095238095163
00 0.516875 0.04 0.023742977528089848 0.02499297752808989
12 0.16562500000000002 0.445 0.0487450980392157 0.032495098039215686
18 0.6125 0.424375 0.014956896551724053 0.016206896551724137
19 0.58875 0.385 0.019978448275862037 0.01747844827586209
03 0.12375 0.62125 0.06238636363636363 0.014886363636363642
00 0.294375 0.30625 0.023735795454545516 0.022485795454545487
03 0.7775000000000001 0.420625 0.00746951219512193 0.02621951219512203
11 0.18062499999999998 0.25625 0.02123214285714284 0.017482142857142835
19 0.38875000000000004 0.116875 0.014987499999999987 0.026237500000000025
