13 0.24562499999999998 0.48624999999999996 0.13623355263157896 0.07748355263157886
13 0.22062709731543623 0.16062500000000002 0.06374580536912752 0.04874161073825503
09 0.9075 0.27875 0.032456896551724124 0.022456896551724115
00 0.963125 0.158125 0.023744444444444346 0.021244444444444455
18 0.43125 0.019999999999999997 0.017488095238095303 0.019988095238095235
15 0.628125 0.9681249999999999 0.03124297752808991 0.023742977528089848
20 0.9237500000000001 0.11875 0.02999509803921574 0.022495098039215677
13 0.3 0.814375 0.0699568965517241 0.036206896551724155
08 0.4474946120689655 0.069375 0.029989224137931036 0.043728448275862065
03 0.359375 0.525 0.03113636363636363 0.019886363636363535
06 0.53375 0.975 0.06248579545454547 0.03998579545454528
04 0.3875 0.256875 0.027469512195121948 0.016219512195121993
12 0.9612499999999999 0.37875000000000003 0.039982142857142855 0.027482142857142844
