03 0.7681208881578947 0.6481250000000001 0.028741776315789447 0.016233552631578996
02 0.584375 0.846875 0.013741610738255083 0.03124161073825482
13 0.765625 0.7075 0.04370689655172422 0.039956896551724075
10 0.500625 0.436875 0.021244444444444566 0.02124444444444451
15 0.050002976190476195 0.042499999999999996 0.039994047619047624 0.024988095238095233
12 0.870625 0.823125 0.03374297752808986 0.0312429775280898
06 0.530001225490196 0.08875 0.02999754901960794 0.05499509803921569
04 0.8300000000000001 0.4675 0.022456896551724115 0.017456896551724166
01 0.638125 0.5818749999999999 0.021228448275862122 0.016228448275862006
09 0.47187500000000004 0.910625 0.018636363636363618 0.03113636363636374
02 0.9550000000000001 0.5506249999999999 0.014985795454545259 0.02873579545454541
18 0.659375 0.05 0.016219512195121966 0.017469512195121946
