06 0.29625 0.18062499999999998 0.00748355263157896 0.02873355263157898
14 0.906875 0.24687499999999998 0.013741610738254861 0.023741610738255037
10 0.77125 0.475 0.024956896551724173 0.02245689655172417
14 0.0325 0.97 0.012494444444444447 0.012494444444444364
13 0.546875 0.791875 0.02623809523809517 0.041238095238095074
03 0.2825 0.81 0.01249297752808981 0.014992977528089813
20 0.9025 0.535625 0.014995098039215726 0.013745098039215753
07 0.43437499999999996 0.153125 0.00870689655172413 0.026206896551724118
10 0.5225 0.5775 0.019978448275862037 0.014978448275862144
11 0.543125 0.5762499999999999 0.026136363636363624 0.019886363636363646
02 0.15562855113636365 0.6425 0.026242897727272757 0.019985795454545485
04 0.42874999999999996 0.8887499999999999 0.01996951219512194 0.022469512195122054
