08 0.846875 0.584375 0.04123355263157891 0.013733552631578938
11 0.97125 0.5325 0.022491610738255008 0.01999161073825506
02 0.31625000000000003 0.7150000000000001 0.02245689655172417 0.04245689655172413
11 0.091875 0.8075 0.021244444444444455 0.017494444444444257
20 0.6275 0.640625 0.017488095238095247 0.016238095238095163
03 0.258125 0.766875 0.04124297752808989 0.018742977528089844
18 0.980625 0.15812500000000002 0.0162450980392157 0.018745098039215674
11 0.576875 0.49312500000000004 0.023706896551724088 0.01870689655172414
12 0.11812500000000001 0.699375 0.031228448275862075 0.03372844827586219
03 0.6699999999999999 0.985 0.014886363636363753 0.022386363636363704
13 0.6950000000000001 0.558125 0.0499857954545454 0.033735795454545414
