20 0.27875 0.42625 0.03498355263157893 0.027483552631578922
07 0.5356270973154362 0.81 0.02874580536912752 0.032491610738254906
20 0.203125 0.64625 0.02120689655172414 0.01745689655172411
18 0.9750000000000001 0.265 0.019994444444444315 0.022494444444444428
02 0.52625 0.464375 0.03998809523809532 0.08873809523809534
18 0.94 0.245 0.019992977528089928 0.022492977528089847
01 0.505 0.64125 0.017495098039215673 0.017495098039215673
15 0.9275 0.5743750000000001 0.019956896551724057 0.03120689655172415
08 0.35375 0.6325000000000001 0.024978448275862042 0.032478448275862104
20 0.786875 0.676875 0.018636363636363784 0.016136363636363837
