06 0.47874588815789476 0.4625 0.04499177631578949 0.059983552631578896
06 0.0475 0.73 0.052491610738255035 0.04999161073825498
20 0.92375 0.481875 0.02745689655172412 0.023706896551724088
02 0.6143749999999999 0.62375 0.05624444444444443 0.05999444444444435
15 0.8574999999999999 0.7537499999999999 0.044988095238095105 0.044988095238095105
07 0.540625 0.858125 0.15374297752808985 0.10624297752808987
13 0.109375 0.529375 0.11374509803921568 0.1537450980392157
11 0.0525 0.5275000000000001 0.062456896551724136 0.04245689655172413
02 0.700625 0.881875 0.06622844827586227 0.12122844827586221
04 0.59125 0.90875 0.054886363636363567 0.04238636363636383
10 0.41000000000000003 0.70625 0.03998579545454545 0.03998579545454539
14 0.83375 0.76 0.06996951219512204 0.04996951219512202
