01 0.658125 0.69 0.0362335526315789 0.029983552631578925
00 0.469375 0.7987500000000001 0.03624161073825505 0.034991610738254963
15 0.8625 0.47 0.02745689655172412 0.05995689655172415
10 0.15437499999999998 0.020624999999999998 0.04624444444444445 0.031244444444444443
04 0.2925 0.7337499999999999 0.03498809523809526 0.044988095238095105
02 0.46499999999999997 0.13124999999999998 0.02999297752808988 0.06249297752808988
13 0.12125 0.89375 0.1649950980392157 0.13499509803921572
10 0.3175 0.26125 0.024956896551724173 0.022456896551724115
03 0.818125 0.7481249999999999 0.053728448275862206 0.09872844827586225
08 0.7068749999999999 0.366875 0.026136363636363735 0.08863636363636362
07 0.38687499999999997 0.620625 0.04123579545454542 0.15623579545454547
