08 0.19 0.34750000000000003 0.03248355263157898 0.017483552631578914
13 0.9881270973154362 0.469375 0.006245805369127444 0.021241610738255035
20 0.79125 0.166875 0.012456896551724217 0.011206896551724133
06 0.6818763888888889 0.564375 0.03374722222222215 0.006244444444444497
03 0.1875 0.8812500000000001 0.024988095238095254 0.044988095238095105
00 0.52 0.951875 0.01749297752808987 0.016242977528089897
18 0.035 0.45625 0.009995098039215684 0.012495098039215669
08 0.892510775862069 0.275 0.01747844827586209 0.02245689655172417
06 0.6331249999999999 0.9568749999999999 0.03122844827586213 0.01622844827586223
01 0.059375 0.02375 0.013636363636363634 0.014886363636363635
04 0.395 0.34187500000000004 0.01498579545454548 0.013735795454545452
15 0.052500000000000005 0.83125 0.014969512195121944 0.014969512195121992
