20 0.15750000000000003 0.778125 0.019983552631578944 0.013733552631578827
04 0.130625 0.94875 0.021241610738255062 0.017491610738254892
10 0.024375 0.27625 0.016206896551724137 0.014956896551724164
08 0.5725 0.46375 0.0424944444444445 0.014994444444444532
18 0.525625 0.038125 0.016238095238095274 0.018738095238095234
01 0.8875 0.55125 0.014992977528089813 0.01749297752808987
06 0.24812499999999998 0.598125 0.016245098039215672 0.038745098039215664
15 0.10062499999999999 0.028749999999999998 0.018706896551724125 0.014956896551724136
18 0.255625 0.823125 0.021228448275862094 0.02372844827586218
13 0.09687499999999999 0.96875 0.09863636363636362 0.05488636363636368
05 0.48875 0.7175 0.019985795454545485 0.017485795454545316
13 0.473125 0.541875 0.03121951219512198 0.043719512195121935
11 0.72125 0.6025 0.019982142857142837 0.014982142857142833
11 0.22875 0.59625 0.01998750000000002 0.019987499999999936
