05 0.40875 0.181875 0.017483552631578858 0.021233552631578972
08 0.56125 0.47125 0.022491610738255008 0.017491610738255003
11 0.108125 0.944375 0.021206896551724128 0.016206896551724137
00 0.12 0.204375 0.024994444444444472 0.026244444444444404
10 0.7775000000000001 0.16125 0.024988095238095087 0.01998809523809525
18 0.865 0.17125 0.014992977528089924 0.017492977528089843
11 0.8087500000000001 0.21437499999999998 0.022495098039215677 0.021245098039215676
09 0.321875 0.475 0.016206896551724137 0.024956896551724117
11 0.401875 0.48375 0.021228448275862066 0.01747844827586209
01 0.563125 0.6325000000000001 0.016136363636363615 0.012386363636363584
13 0.175625 0.901875 0.05373579545454549 0.01873579545454529
08 0.61125 0.2868673780487805 0.019969512195121997 0.023734756097560983
06 0.82875 0.19125 0.014982142857142833 0.017482142857142835
