01 0.116875 0.97375 0.018733552631578942 0.017483552631578858
10 0.953125 0.88 0.028741610738254986 0.02999161073825496
14 0.249375 0.606875 0.023706896551724116 0.04120689655172416
04 0.88625 0.22375 0.017494444444444368 0.022494444444444428
03 0.690625 0.676875 0.03373809523809512 0.03623809523809518
19 0.04875 0.29125 0.03749297752808989 0.019992977528089817
18 0.95375 0.76625 0.01999509803921562 0.01999509803921562
16 0.405625 0.45999999999999996 0.0387068965517241 0.024956896551724117
10 0.08875 0.045 0.022478448275862067 0.027478448275862072
00 0.221875 0.286875 0.026136363636363652 0.02613636363636368
