18 0.47624999999999995 0.8825 0.01248355263157891 0.014983552631578911
11 0.2475 0.359375 0.01999161073825506 0.018741610738255088
03 0.828125 0.713739224137931 0.01370689655172419 0.014978448275862033
12 0.276875 0.179375 0.02624444444444446 0.028744444444444434
01 0.10250000000000001 0.303125 0.017488095238095233 0.018738095238095276
10 0.735625 0.16999999999999998 0.018742977528089844 0.017492977528089843
06 0.08249999999999999 0.444375 0.017495098039215687 0.011245098039215695
02 0.18001077586206898 0.840625 0.017478448275862063 0.01370689655172408
14 0.91625 0.745 0.02747844827586221 0.014978448275862144
11 0.173125 0.013125000000000001 0.021136363636363675 0.021136363636363637
15 0.09125 0.223125 0.02248579545454546 0.02373579545454546
18 0.436875 0.201875 0.016219512195121966 0.018719512195121968
18 0.03812499999999999 0.818125 0.013732142857142852 0.016232142857142806
