15 0.066875 0.075 0.026233552631578956 0.05748355263157895
14 0.143125 0.48625 0.056241610738255066 0.01999161073825506
18 0.836875 0.06937499999999999 0.02120689655172414 0.023706896551724137
03 0.673125 0.10125 0.0362444444444443 0.03499444444444445
16 0.3375 0.40437500000000004 0.03498809523809526 0.056238095238095254
03 0.7962499999999999 0.052500000000000005 0.022492977528089875 0.0399929775280899
03 0.27 0.095 0.04249509803921572 0.0449950980392157
13 0.35250000000000004 0.549375 0.11995689655172409 0.22870689655172416
11 0.33687500000000004 0.03125 0.031228448275862075 0.02247844827586207
08 0.7425 0.725625 0.05238636363636373 0.036136363636363744
06 0.10625 0.104375 0.08248579545454546 0.011235795454545464
