09 0.0975 0.2925 0.03248355263157894 0.044983552631578994
00 0.76625 0.64625 0.05499161073825487 0.052491610738254924
18 0.70875 0.29375 0.032456896551724124 0.03745689655172413
12 0.105625 0.916875 0.06874444444444444 0.061244444444444435
03 0.25 0.0775 0.10748809523809524 0.06748809523809524
08 0.08499999999999999 0.70375 0.019992977528089886 0.02749297752808988
03 0.34375 0.28625 0.022495098039215677 0.03749509803921569
16 0.628125 0.9606250000000001 0.07620689655172408 0.05120689655172417
15 0.046875 0.6331249999999999 0.04872844827586206 0.09372844827586213
15 0.9575 0.680625 0.06738636363636374 0.07613636363636378
03 0.35625 0.681875 0.029985795454545494 0.058735795454545325
02 0.22062500000000002 0.319375 0.036219512195121956 0.08871951219512197
