14 0.25 0.1225 0.047483552631578996 0.05998355263157894
08 0.9675 0.975 0.059991610738254875 0.022491610738254897
06 0.5575 0.379375 0.0074568965517241015 0.03370689655172415
06 0.81 0.055 0.04999444444444434 0.01999444444444444
15 0.470625 0.89125 0.026238095238095283 0.024988095238095198
08 0.448125 0.860625 0.04874297752808987 0.06874297752808989
09 0.08812500000000001 0.37625 0.018745098039215688 0.06249509803921566
07 0.566875 0.239375 0.016206896551724137 0.11620689655172411
06 0.806875 0.7012499999999999 0.03372844827586219 0.03747844827586222
11 0.5075 0.32625 0.034886363636363604 0.027386363636363598
