06 0.730625 0.443125 0.07623355263157894 0.12873355263157893
07 0.5875 0.7068749999999999 0.09749161073825507 0.1737416107382549
14 0.7093750000000001 0.09 0.03120689655172415 0.07495689655172415
13 0.77 0.801875 0.04499444444444434 0.12124444444444427
06 0.4425 0.41625 0.1524880952380953 0.15998809523809526
12 0.37625 0.44875 0.11499297752808985 0.11499297752808979
15 0.673125 0.823125 0.10624509803921567 0.08874509803921571
12 0.5925 0.9325 0.09495689655172412 0.05245689655172403
03 0.22125 0.094375 0.03247844827586205 0.03622844827586205
12 0.670625 0.889375 0.08613636363636368 0.10363636363636375
03 0.81125 0.523125 0.07498579545454531 0.05123579545454543
11 0.7675 0.936875 0.06246951219512198 0.061219512195122006
10 0.40249999999999997 0.31 0.044982142857142804 0.0374821428571428
20 0.69875 0.66125 0.05498749999999997 0.04498749999999996
