01 0.896875 0.545625 0.02873355263157884 0.02123355263157889
06 0.721875 0.7350000000000001 0.02374161073825498 0.017491610738254892
18 0.406875 0.32437499999999997 0.01870689655172414 0.021206896551724086
15 0.85875 0.56875 0.03499999999999992 0.01749444444444448
07 0.12312500000000001 0.0675 0.03623809523809525 0.02248809523809523
17 0.384375 0.37124999999999997 0.03874297752808986 0.034992977528089886
10 0.16312500000000002 0.81 0.021245098039215676 0.024995098039215624
20 0.785 0.091875 0.014956896551724164 0.016206896551724137
20 0.081875 0.410625 0.02372844827586207 0.02372844827586207
20 0.595625 0.76875 0.016136363636363615 0.012386363636363806
18 0.66125 0.50875 0.019985795454545263 0.022485795454545487
05 0.6812499999999999 0.6525000000000001 0.014969512195121992 0.03746951219512196
12 0.889375 0.41375 0.036232142857142824 0.0374821428571428
17 0.14500000000000002 0.865 0.027487500000000026 0.029987500000000056
