00 0.9768749999999999 0.620625 0.018733552631578942 0.01873355263157883
10 0.48250000000000004 0.59125 0.01749161073825506 0.017491610738255114
12 0.031875 0.43 0.01870689655172414 0.019956896551724168
13 0.036250000000000004 0.6712499999999999 0.03749444444444445 0.07499444444444447
13 0.226875 0.6331249999999999 0.04623809523809527 0.041238095238095185
18 0.00875 0.9750000000000001 0.012492977528089888 0.014992977528089813
00 0.18937500000000002 0.353125 0.021245098039215676 0.0162450980392157
04 0.8 0.809375 0.01745689655172411 0.018706896551724195
03 0.845 0.69375 0.022478448275862206 0.024978448275862153
01 0.48125 0.2525 0.00738636363636358 0.009886363636363665
03 0.22875 0.7793749999999999 0.01248579545454545 0.0187357954545454
03 0.17 0.565625 0.03746951219512196 0.03121951219512198
