14 0.836875 0.24625000000000002 0.018733552631578942 0.022483552631579
04 0.28437500000000004 0.10375000000000001 0.02874161073825504 0.029991610738255056
03 0.3775 0.2525 0.03745689655172413 0.0399568965517241
06 0.170625 0.704375 0.06624444444444444 0.026244444444444404
14 0.07500000000000001 0.31062500000000004 0.014988095238095231 0.038738095238095294
10 0.938125 0.43 0.04124297752808981 0.039992977528089835
10 0.306875 0.539375 0.0162450980392157 0.0162450980392157
01 0.920625 0.503125 0.046206896551724164 0.04620689655172405
06 0.5249999999999999 0.09625 0.012478448275862086 0.02997844827586206
06 0.34875 0.511875 0.06238636363636363 0.056136363636363595
19 0.4275 0.885625 0.02498579545454549 0.021235795454545237
16 0.84125 0.315 0.03496951219512201 0.024969512195122
03 0.80375 0.234375 0.019982142857142837 0.03373214285714285
03 0.405 0.62625 0.03248750000000006 0.047487500000000016
