20 0.19124999999999998 0.73375 0.05248355263157897 0.04998355263157883
14 0.2825 0.586875 0.06999161073825505 0.056241610738255066
03 0.7262500000000001 0.09375 0.059956896551724204 0.04245689655172413
03 0.559375 0.9175 0.03624444444444441 0.04999444444444434
12 0.6712499999999999 0.446875 0.07498809523809513 0.056238095238095254
20 0.75 0.39 0.02749297752808988 0.029992977528089826
06 0.21875 0.7625 0.08499509803921568 0.1299950980392156
12 0.043750000000000004 0.189375 0.06745689655172414 0.06870689655172413
14 0.7925 0.72375 0.04497844827586217 0.08247844827586226
13 0.24375 0.3875 0.06488636363636363 0.06488636363636358
15 0.366875 0.21249999999999997 0.04623579545454548 0.07748579545454545
