13 0.305 0.6225 0.04498355263157894 0.05248355263157889
17 0.934375 0.484375 0.018741610738254866 0.023741610738255092
12 0.71625 0.7506250000000001 0.02495689655172406 0.02120689655172414
03 0.528125 0.131875 0.011244444444444501 0.018744444444444452
20 0.511875 0.350625 0.021238095238095278 0.021238095238095278
08 0.47875 0.47625 0.02749297752808988 0.019992977528089817
07 0.9181250000000001 0.87625 0.013745098039215642 0.03749509803921569
16 0.35875 0.119375 0.01745689655172411 0.02870689655172412
08 0.30437499999999995 0.436875 0.011228448275862057 0.04872844827586209
14 0.31375 0.4 0.02238636363636365 0.022386363636363593
06 0.05562500000000001 0.036875 0.051235795454545464 0.013735795454545452
20 0.24 0.34875 0.01996951219512197 0.019969512195121997
20 0.683125 0.1125 0.02123214285714281 0.01498214285714286
