19 0.8525 0.90625 0.012483552631578854 0.022483552631578974
06 0.149375 0.6393729026845637 0.07874161073825504 0.048745805369127426
13 0.028125 0.041875 0.01120689655172414 0.03120689655172414
12 0.538125 0.75125 0.043744444444444475 0.04249444444444439
04 0.17812499999999998 0.7725 0.036238095238095264 0.03248809523809515
14 0.079375 0.715625 0.026242977528089878 0.06624297752808983
10 0.13624999999999998 0.9706250000000001 0.0174950980392157 0.013745098039215642
08 0.571875 0.70875 0.016206896551724137 0.049956896551724084
01 0.21500000000000002 0.46562499999999996 0.02497844827586207 0.021228448275862066
14 0.19874999999999998 0.30375 0.032386363636363685 0.029886363636363655
