00 0.621875 0.88625 0.02123355263157889 0.022483552631578974
18 0.906875 0.666875 0.018741610738254977 0.021241610738254924
01 0.829375 0.756875 0.016206896551724137 0.01370689655172408
11 0.9237500000000001 0.6487499999999999 0.017494444444444368 0.017494444444444368
06 0.19374999999999998 0.663125 0.014988095238095273 0.0562380952380952
03 0.17124999999999999 0.546875 0.09249297752808988 0.07124297752808983
03 0.46625 0.9612499999999999 0.014995098039215726 0.017495098039215784
01 0.734375 0.286875 0.018706896551724084 0.013706896551724135
14 0.8275 0.065625 0.01997844827586226 0.021228448275862066
03 0.34562499999999996 0.880625 0.02613636363636357 0.033636363636363686
