15 0.253125 0.8399958881578947 0.026233552631578977 0.034991776315789425
12 0.625 0.5249999999999999 0.04999161073825498 0.052491610738255035
18 0.76 0.4325 0.01745689655172411 0.019956896551724168
04 0.424375 0.019999999999999997 0.02874444444444446 0.02999444444444444
05 0.74125 0.746875 0.03248809523809515 0.01873809523809511
18 0.35062499999999996 0.7775000000000001 0.021242977528089846 0.022492977528089875
14 0.870625 0.42625 0.03374509803921566 0.029995098039215684
11 0.69 0.2375 0.032456896551724124 0.032456896551724124
07 0.59625 0.359375 0.01747844827586198 0.08622844827586207
01 0.926875 0.7225 0.03113636363636374 0.019886363636363757
