03 0.781875 0.26875 0.023733552631578947 0.027483552631578978
08 0.250625 0.690625 0.043741610738255055 0.021241610738254924
14 0.6975 0.37875000000000003 0.02745689655172412 0.04745689655172408
13 0.9493750000000001 0.6012500000000001 0.041244444444444306 0.039994444444444555
08 0.6025 0.91625 0.009988095238095296 0.0399880952380951
03 0.5718749999999999 0.5212482443820224 0.05624297752808982 0.007496488764044962
07 0.749375 0.7093750000000001 0.0162450980392157 0.04374509803921567
14 0.073125 0.6968749999999999 0.023706896551724144 0.023706896551724088
14 0.63125 0.27437500000000004 0.009978448275862029 0.021228448275862066
16 0.903125 0.659375 0.0336363636363638 0.028636363636363682
12 0.675 0.958125 0.034985795454545277 0.031235795454545245
03 0.61 0.009375 0.022469512195121943 0.013719512195121951
14 0.7518750000000001 0.10625 0.03873214285714288 0.029982142857142874
