05 0.513125 0.905 0.038733552631578905 0.02498355263157892
14 0.534375 0.71 0.056241610738255066 0.0274916107382549
15 0.20188577586206896 0.848125 0.031228448275862075 0.02120689655172414
13 0.13874999999999998 0.61375 0.07749444444444445 0.09249444444444432
03 0.4675029761904762 0.48875 0.03499404761904762 0.0274880952380952
14 0.941875 0.12625 0.018742977528089844 0.03999297752808989
06 0.7481249999999999 0.72375 0.028745098039215766 0.00999509803921561
15 0.31875 0.8456250000000001 0.017456896551724166 0.0337068965517241
02 0.135 0.436875 0.012478448275862059 0.031228448275862075
14 0.50125 0.32687499999999997 0.05738636363636357 0.03113636363636363
04 0.44125000000000003 0.665625 0.03498579545454544 0.026235795454545352
15 0.496875 0.04625 0.03621951219512198 0.02996951219512195
