06 0.631875 0.21125 0.0937335526315789 0.09498355263157898
14 0.640625 0.13874999999999998 0.021241610738255035 0.04749161073825506
06 0.1275 0.531875 0.12995689655172413 0.05620689655172417
03 0.288125 0.32062500000000005 0.06624444444444444 0.04124444444444447
06 0.48375 0.31875 0.01998809523809525 0.03998809523809527
13 0.11937500000000001 0.11249999999999999 0.05374297752808989 0.14249297752808987
17 0.384375 0.791875 0.04624509803921567 0.05124509803921562
06 0.80125 0.095 0.05245689655172414 0.12995689655172413
18 0.091875 0.871875 0.02622844827586207 0.028728448275862184
15 0.353125 0.218125 0.02613636363636357 0.02363636363636365
19 0.319375 0.9056249999999999 0.03623579545454547 0.04373579545454531
10 0.36624999999999996 0.9775 0.03746951219512201 0.03246951219512195
10 0.8343750000000001 0.199375 0.04123214285714283 0.03123214285714282
05 0.906875 0.9375 0.023737499999999967 0.049987500000000074
