08 0.051875000000000004 0.895 0.013733552631578959 0.03498355263157893
05 0.6637500000000001 0.32437499999999997 0.03749161073825491 0.02874161073825504
03 0.3575 0.09375 0.02745689655172412 0.04745689655172414
07 0.36687499999999995 0.978125 0.0712444444444445 0.033744444444444355
01 0.358125 0.12187500000000001 0.021238095238095223 0.02373809523809524
04 0.030625 0.23249999999999998 0.02874297752808989 0.029992977528089854
05 0.87625 0.200625 0.01999509803921573 0.03374509803921569
11 0.445 0.385 0.032456896551724124 0.022456896551724115
03 0.8225 0.608125 0.042478448275862224 0.026228448275862015
18 0.586875 0.943125 0.02113636363636362 0.026136363636363735
01 0.8631249999999999 0.9293750000000001 0.021235795454545348 0.023735795454545294
18 0.50375 0.940625 0.019969512195121997 0.02121951219512197
