18 0.71375 0.075 0.02498355263157892 0.02748355263157895
18 0.0975 0.13 0.024991610738255052 0.02749161073825504
03 0.280625 0.475 0.03120689655172415 0.034956896551724126
07 0.510625 0.84125 0.03374444444444452 0.10749444444444445
01 0.024375 0.41500000000000004 0.016238095238095236 0.017488095238095303
04 0.161875 0.0225 0.041242977528089864 0.02499297752808989
18 0.321875 0.880625 0.023745098039215706 0.02624509803921571
10 0.69625 0.723125 0.029956896551724177 0.018706896551724084
04 0.974375 0.041249999999999995 0.026228448275862126 0.024978448275862066
18 0.246875 0.26125 0.018636363636363673 0.02238636363636365
15 0.499375 0.705 0.03373579545454547 0.037485795454545334
