00 0.528125 0.044375 0.023733552631578836 0.026233552631578956
01 0.63125 0.65875 0.014991610738255057 0.014991610738254946
11 0.64125 0.264375 0.019956896551724057 0.023706896551724144
14 0.6693763888888888 0.7575000000000001 0.023747222222222253 0.03249444444444427
14 0.31562500000000004 0.11937500000000001 0.028738095238095285 0.028738095238095243
10 0.1325 0.59125 0.019992977528089886 0.01749297752808976
03 0.16375 0.26125 0.02499509803921568 0.03999509803921569
05 0.0625 0.358125 0.02995689655172415 0.01620689655172408
13 0.20187500000000003 0.349375 0.04872844827586206 0.043728448275862086
10 0.28 0.564375 0.019886363636363702 0.016136363636363615
13 0.25625 0.45687500000000003 0.032485795454545496 0.07623579545454545
12 0.604375 0.19124999999999998 0.033719512195121926 0.03246951219512198
15 0.0175 0.568125 0.03248214285714286 0.02373214285714287
15 0.65125 0.17875000000000002 0.014987499999999931 0.027487500000000026
