00 0.146875 0.315625 0.018733552631578942 0.013733552631578938
12 0.413125 0.565 0.031241610738255043 0.03749161073825513
15 0.29312499999999997 0.478125 0.01870689655172414 0.05870689655172412
18 0.550625 0.491875 0.016244444444444506 0.018744444444444563
03 0.9068750000000001 0.66625 0.023738095238095114 0.04248809523809505
16 0.5575 0.4075 0.03499297752808994 0.024992977528089877
19 0.963125 0.913125 0.008745098039215637 0.008745098039215748
03 0.6074999999999999 0.701875 0.012456896551724106 0.018706896551724084
15 0.3175 0.47125 0.009978448275862029 0.019978448275862037
18 0.638125 0.744375 0.016136363636363615 0.018636363636363784
