12 0.11375 0.5475 0.03498355263157896 0.05498355263157895
18 0.566875 0.155625 0.018741610738254977 0.021241610738255062
06 0.55 0.5 0.022456896551724115 0.014956896551724164
11 0.1375 0.400625 0.032494444444444465 0.02874444444444446
03 0.32875 0.7725 0.02248809523809525 0.054988095238095114
07 0.663125 0.46062499999999995 0.03124297752808991 0.02624297752808985
00 0.23249999999999998 0.50375 0.029995098039215712 0.024995098039215735
18 0.85875 0.8674999999999999 0.01745689655172411 0.019956896551724168
03 0.8275 0.229375 0.03497844827586216 0.018728448275862064
13 0.365625 0.88625 0.15113636363636362 0.019886363636363757
12 0.469375 0.535625 0.028735795454545465 0.031235795454545467
08 0.96625 0.605 0.04496951219512202 0.04246951219512196
16 0.651875 0.92375 0.02873214285714276 0.04498214285714286
