10 0.40875 0.8943749999999999 0.05248355263157889 0.033733552631578845
03 0.431875 0.901875 0.10124161073825505 0.0537416107382549
00 0.41000000000000003 0.419375 0.08745689655172412 0.08620689655172409
15 0.691875 0.28250000000000003 0.17124444444444442 0.08249444444444445
08 0.68625 0.766875 0.07998809523809514 0.09873809523809518
03 0.111875 0.17124999999999999 0.028742977528089894 0.10499297752808988
16 0.9137500000000001 0.33125 0.0674950980392156 0.1049950980392157
20 0.105625 0.89625 0.07370689655172413 0.049956896551724084
13 0.1225 0.73125 0.12747844827586208 0.15747844827586222
06 0.384375 0.33625 0.16863636363636364 0.1898863636363636
04 0.318125 0.04625 0.06873579545454545 0.05748579545454546
18 0.20500000000000002 0.48875 0.04246951219512199 0.04496951219512196
04 0.9356249999999999 0.6487499999999999 0.04873214285714289 0.05498214285714276
03 0.30125 0.061875 0.08248749999999999 0.0612375
