03 0.8418749999999999 0.345 0.033733552631578845 0.014983552631578856
06 0.87125 0.3025 0.009991610738254941 0.04749161073825503
03 0.228125 0.17625000000000002 0.023706896551724144 0.01995689655172414
12 0.17437499999999997 0.26125 0.02874444444444446 0.027494444444444432
11 0.1925 0.6187499999999999 0.027488095238095256 0.017488095238095247
12 0.419375 0.05375 0.04874297752808987 0.049992977528089885
15 0.48124999999999996 0.091875 0.029995098039215684 0.03624509803921569
10 0.23125 0.5025 0.01995689655172414 0.019956896551724168
16 0.865625 0.798125 0.03122844827586224 0.02372844827586218
12 0.940625 0.78375 0.028636363636363682 0.029886363636363655
