19 0.261875 0.014374999999999999 0.033733552631578984 0.016233552631578947
01 0.915 0.8612500000000001 0.024991610738254955 0.01999161073825484
11 0.053125000000000006 0.40875 0.028706896551724148 0.029956896551724177
12 0.2425 0.600625 0.029994444444444435 0.036244444444444524
10 0.643125 0.5075000000000001 0.023738095238095225 0.02498809523809531
01 0.9624999999999999 0.454375 0.02499297752808982 0.02624297752808985
06 0.6525000000000001 0.42625 0.03499509803921563 0.06749509803921566
17 0.694375 0.715625 0.02120689655172414 0.026206896551724146
01 0.45125 0.2525 0.024978448275862042 0.022478448275862095
04 0.974375 0.9450000000000001 0.023636363636363678 0.019886363636363646
03 0.536875 0.71875 0.02873579545454552 0.03998579545454528
