15 0.385625 0.3425 0.028733552631578896 0.05748355263157895
06 0.15187499999999998 0.526875 0.05874161073825504 0.16124161073825505
14 0.8374999999999999 0.033125 0.09495689655172412 0.056206896551724145
07 0.22375 0.850625 0.08249444444444443 0.031244444444444297
00 0.2275 0.68875 0.06498809523809529 0.037488095238095154
14 0.09 0.11812500000000001 0.03999297752808989 0.04124297752808988
04 0.954375 0.2775 0.05374509803921568 0.03749509803921569
20 0.13 0.730625 0.054956896551724144 0.036206896551724155
03 0.711875 0.35875 0.06122844827586216 0.02247844827586204
14 0.765625 0.0975 0.11113636363636381 0.022386363636363635
12 0.15125 0.935625 0.10748579545454545 0.06873579545454533
03 0.17375000000000002 0.8387500000000001 0.06746951219512196 0.11996951219512197
