04 0.575625 0.835 0.06373355263157887 0.057483552631578894
12 0.2375 0.5800000000000001 0.06999161073825508 0.0699916107382551
12 0.90125 0.19187500000000002 0.07495689655172422 0.08120689655172411
06 0.34500000000000003 0.08374999999999999 0.10749444444444445 0.12749444444444444
04 0.5081249999999999 0.0625 0.0612380952380952 0.06498809523809523
05 0.5443732443820224 0.45875 0.08624648876404495 0.04499297752808984
18 0.15625 0.464375 0.0449950980392157 0.04624509803921567
11 0.9081250000000001 0.6275 0.06370689655172412 0.04495689655172408
14 0.2325 0.8843749999999999 0.04747844827586206 0.06872844827586222
01 0.66875 0.693125 0.03488636363636377 0.028636363636363793
06 0.25187499999999996 0.5306214488636364 0.18623579545454544 0.04374289772727269
