20 0.705625 0.6725 0.02873355263157895 0.027483552631578867
07 0.42875209731543623 0.89 0.0399958053691275 0.012491610738254888
09 0.80375 0.605625 0.049956896551724195 0.046206896551724164
11 0.49562500000000004 0.7025 0.03124444444444452 0.019994444444444426
18 0.78375 0.52875 0.02248809523809514 0.02498809523809531
01 0.82125 0.0375 0.02499297752808982 0.019992977528089886
16 0.8262499999999999 0.19 0.042495098039215695 0.042495098039215695
03 0.36875 0.215 0.052456896551724086 0.044956896551724135
10 0.596875 0.47250000000000003 0.028728448275862073 0.02247844827586204
15 0.83125 0.228125 0.02738636363636371 0.028636363636363682
12 0.21375 0.611875 0.03498579545454547 0.03623579545454547
07 0.38 0.2425 0.027469512195121948 0.03496951219512198
03 0.208125 0.853125 0.016232142857142834 0.043732142857142886
