20 0.5818749999999999 0.14625 0.018733552631578942 0.019983552631578944
10 0.44437499999999996 0.58125 0.043741610738255055 0.04999161073825509
01 0.68625 0.8425 0.029956896551724177 0.022456896551724115
18 0.895 0.72 0.03499444444444433 0.037494444444444386
01 0.838125 0.691875 0.05123809523809508 0.03373809523809512
18 0.6925 0.9525 0.03499297752808994 0.03749297752808989
01 0.4575 0.254375 0.029995098039215684 0.028745098039215683
18 0.14125000000000001 0.91 0.03495689655172414 0.03745689655172413
19 0.06937499999999999 0.639375 0.033728448275862064 0.046228448275862144
01 0.4125 0.044375 0.027386363636363598 0.02363636363636363
20 0.33625 0.07187500000000001 0.05748579545454546 0.04873579545454546
19 0.655 0.113125 0.06496951219512193 0.03371951219512194
20 0.6637500000000001 0.59375 0.0424821428571428 0.04498214285714286
12 0.9181250000000001 0.20687499999999998 0.08873750000000002 0.046237500000000015
