10 0.39749999999999996 0.589375 0.027483552631578922 0.01873355263157883
04 0.39937500000000004 0.378125 0.023741610738255037 0.021241610738255035
09 0.20937499999999998 0.195625 0.02870689655172412 0.02870689655172412
18 0.18375 0.585 0.022494444444444428 0.02499444444444443
02 0.703125 0.56125 0.03623809523809518 0.017488095238095247
15 0.466875 0.150625 0.008742977528089835 0.01874297752808987
20 0.51 0.41000000000000003 0.024995098039215735 0.022495098039215733
13 0.2475 0.763125 0.10745689655172411 0.04620689655172405
03 0.834375 0.55125 0.053728448275862206 0.01747844827586209
06 0.214375 0.8262499999999999 0.006136363636363662 0.08488636363636382
