14 0.44937499999999997 0.498125 0.008733552631578878 0.02123355263157889
18 0.544375 0.2475 0.01624161073825514 0.01999161073825506
20 0.869375 0.061875 0.0237068965517242 0.02120689655172414
06 0.49187499999999995 0.17062500000000003 0.008744444444444499 0.018744444444444425
12 0.299375 0.39875 0.023738095238095225 0.02498809523809531
05 0.08374999999999999 0.75 0.0324929775280899 0.019992977528089817
00 0.84375 0.55 0.017495098039215673 0.012495098039215669
05 0.221875 0.8 0.011206896551724133 0.02745689655172412
03 0.8468696120689656 0.634375 0.01373922413793116 0.018728448275862064
11 0.67875 0.12187500000000001 0.0173863636363637 0.01863636363636363
11 0.743125 0.5643750000000001 0.021235795454545348 0.016235795454545454
03 0.895 0.761875 0.007469512195122041 0.02121951219512197
