12 0.61375 0.195 0.04998355263157883 0.054983552631578975
06 0.026875000000000003 0.07500000000000001 0.046241610738255036 0.09999161073825504
18 0.509375 0.11687499999999999 0.026206896551724146 0.02870689655172412
13 0.854375 0.46 0.07874444444444428 0.11499444444444451
10 0.6756249999999999 0.754375 0.03623809523809507 0.02623809523809517
03 0.44125000000000003 0.8656250000000001 0.03749297752808983 0.03374297752808986
01 0.10875000000000001 0.3025 0.02249509803921569 0.022495098039215677
05 0.97125 0.33499999999999996 0.022456896551724115 0.04995689655172414
02 0.770625 0.17 0.06872844827586211 0.049978448275862064
03 0.27125 0.6950000000000001 0.039886363636363664 0.0648863636363638
