18 0.638125 0.8125 0.04873355263157897 0.052483552631579
06 0.32125 0.378125 0.21249161073825504 0.07124161073825508
02 0.45875 0.8525 0.0649568965517241 0.16745689655172413
06 0.314375 0.868125 0.033744444444444466 0.21624444444444435
04 0.31 0.374375 0.0724880952380953 0.08123809523809528
06 0.714375 0.531875 0.26874297752808984 0.0862429775280899
12 0.691875 0.723125 0.10374509803921572 0.12374509803921563
12 0.48 0.14250000000000002 0.11245689655172408 0.19245689655172415
02 0.9293750000000001 0.43000000000000005 0.056228448275862264 0.11997844827586207
04 0.620625 0.279375 0.08863636363636374 0.07113636363636366
