04 0.3375 0.038125 0.017483552631578914 0.01623355263157895
05 0.8525 0.28312499999999996 0.024991610738254955 0.018741610738255032
00 0.3 0.23125 0.00995689655172416 0.009956896551724131
15 0.319375 0.9762500000000001 0.02124444444444451 0.03499444444444444
01 0.41500000000000004 0.8975 0.01998809523809525 0.019988095238095194
10 0.41437500000000005 0.485625 0.01624297752808984 0.013742977528089895
03 0.38375000000000004 0.8587499999999999 0.029995098039215684 0.022495098039215677
00 0.93875 0.72125 0.024956896551724173 0.022456896551724115
03 0.8768750000000001 0.886875 0.036228448275862246 0.021228448275862233
16 0.903125 0.76875 0.02113636363636373 0.032386363636363824
01 0.87 0.921875 0.012485795454545423 0.008735795454545281
