02 0.6025 0.48874999999999996 0.06998355263157896 0.04248355263157888
12 0.808125 0.5487500000000001 0.10374161073825494 0.1224916107382551
04 0.2525 0.2425 0.05245689655172414 0.05745689655172412
06 0.24375 0.534375 0.08499444444444443 0.09624444444444447
02 0.801875 0.34750000000000003 0.10373809523809507 0.08498809523809531
18 0.118125 0.27875 0.03624297752808989 0.039992977528089835
20 0.065625 0.41125 0.0462450980392157 0.042495098039215695
19 0.30062500000000003 0.1425 0.058706896551724175 0.037456896551724114
05 0.753125 0.0925 0.07372844827586222 0.029978448275862074
03 0.3125 0.6100000000000001 0.059886363636363626 0.11488636363636362
10 0.068125 0.231875 0.041235795454545456 0.03623579545454547
