07 0.81125 0.8362499999999999 0.057483552631578894 0.09498355263157887
06 0.21687499999999998 0.6625 0.021241610738255062 0.01999161073825495
20 0.63375 0.3675 0.014956896551724164 0.014956896551724164
07 0.6499999999999999 0.75 0.05999444444444435 0.019994444444444426
08 0.19 0.4425 0.02248809523809525 0.05248809523809528
18 0.609375 0.059375000000000004 0.02124297752808979 0.02374297752808989
03 0.136875 0.068125 0.018745098039215702 0.031245098039215692
09 0.834375 0.5606249999999999 0.026206896551724146 0.023706896551724088
10 0.7925 0.6212500000000001 0.032478448275862215 0.024978448275862042
19 0.5231250000000001 0.129375 0.033636363636363575 0.031136363636363615
02 0.108125 0.176875 0.04373579545454548 0.07123579545454548
13 0.631875 0.768125 0.07621951219512202 0.06621951219512201
10 0.68875 0.085625 0.02498214285714284 0.01623214285714286
