13 0.405625 0.405625 0.04373355263157891 0.1012335526315789
06 0.3525 0.38749999999999996 0.12499161073825504 0.08499161073825506
09 0.30000000000000004 0.8243750000000001 0.044956896551724135 0.06370689655172412
20 0.1825 0.67125 0.03749444444444444 0.03499444444444433
00 0.860625 0.6487499999999999 0.04623809523809508 0.04748809523809516
04 0.85 0.7012499999999999 0.03749297752808989 0.032492977528089884
12 0.04875 0.278125 0.04499509803921569 0.04874509803921567
03 0.6825 0.47250000000000003 0.03495689655172418 0.03995689655172413
01 0.81125 0.5525 0.05497844827586218 0.03497844827586205
04 0.231875 0.57125 0.04863636363636367 0.04238636363636361
04 0.426875 0.54125 0.04873579545454543 0.047485795454545454
11 0.48062499999999997 0.77875 0.05121951219512194 0.04496951219512202
14 0.27 0.065625 0.06248214285714285 0.038732142857142854
