18 0.6287499999999999 0.136875 0.012483552631578854 0.013733552631578938
03 0.455625 0.909375 0.021241610738255035 0.03124161073825482
01 0.65125 0.13374999999999998 0.014956896551724164 0.012456896551724134
05 0.26 0.71375 0.027494444444444405 0.022494444444444373
11 0.315 0.55125 0.02248809523809525 0.0149880952380953
13 0.7581249999999999 0.17124999999999999 0.04124297752808992 0.08749297752808988
02 0.621875 0.4375 0.028745098039215766 0.034995098039215744
13 0.135 0.149375 0.02495689655172413 0.06870689655172414
02 0.35375 0.08875 0.014978448275862033 0.019978448275862065
10 0.02375 0.156875 0.017386363636363634 0.016136363636363643
20 0.290625 0.26125 0.013735795454545452 0.01498579545454548
11 0.5662499999999999 0.931875 0.024969512195122 0.02121951219512197
13 0.5587500000000001 0.31375 0.05248214285714281 0.03248214285714285
