07 0.6675 0.47562499999999996 0.057483552631578894 0.05873355263157887
13 0.400625 0.3175 0.08374161073825503 0.10499161073825503
05 0.693125 0.7875 0.036206896551724155 0.024956896551724173
08 0.45375 0.526875 0.01749444444444448 0.056244444444444486
04 0.58375 0.10250000000000001 0.037488095238095265 0.029988095238095244
08 0.826875 0.7987500000000001 0.043742977528089866 0.05499297752808985
12 0.74625 0.078125 0.049995098039215646 0.03374509803921569
14 0.49624999999999997 0.44875 0.04745689655172408 0.034956896551724126
09 0.198125 0.6312500000000001 0.03622844827586208 0.032478448275862104
13 0.840625 0.53 0.05613636363636376 0.054886363636363567
00 0.8981250000000001 0.41625 0.03623579545454525 0.03248579545454544
08 0.335 0.3375 0.06246951219512198 0.014969512195121937
08 0.231875 0.775625 0.036232142857142824 0.053732142857142895
