06 0.714375 0.11062088815789474 0.06373355263157887 0.018741776315789466
20 0.5231250000000001 0.01875 0.03374161073825499 0.022491610738255032
00 0.921875 0.7012499999999999 0.026206896551724146 0.022456896551724115
14 0.0375 0.88125 0.03749444444444444 0.03499444444444433
02 0.27875 0.8325 0.037488095238095265 0.027488095238095145
09 0.8531249999999999 0.226875 0.03374297752808986 0.03624297752808986
20 0.47 0.358125 0.02499509803921568 0.018745098039215702
07 0.7218642241379309 0.6218642241379311 0.03372844827586208 0.021228448275862122
04 0.50125 0.048125 0.03747844827586205 0.02372844827586207
18 0.244375 0.5018750000000001 0.018636363636363673 0.02113636363636362
04 0.774375 0.041874999999999996 0.0287357954545453 0.018735795454545456
01 0.196875 0.019375 0.026219512195121975 0.02371951219512195
12 0.12375 0.65375 0.06748214285714288 0.04748214285714292
07 0.48125 0.149375 0.07998749999999999 0.013737500000000014
