01 0.37124999999999997 0.641875 0.014983552631578856 0.016233552631578885
05 0.315 0.62375 0.03249161073825502 0.027491610738255012
20 0.7124999999999999 0.725625 0.019956896551724168 0.01370689655172408
07 0.61875 0.685 0.027494444444444488 0.014994444444444421
14 0.045625 0.5700000000000001 0.03123809523809523 0.019988095238095194
18 0.82875 0.6737500000000001 0.019992977528089817 0.022492977528089875
04 0.21875 0.1825 0.029995098039215684 0.022495098039215677
18 0.6781250000000001 0.7775 0.011206896551724133 0.014956896551724164
20 0.953125 0.050624999999999996 0.02372844827586218 0.02372844827586207
03 0.6575 0.033125 0.05238636363636362 0.02613636363636363
14 0.839375 0.9693750000000001 0.031235795454545356 0.04373579545454531
11 0.221875 0.7825 0.021219512195121998 0.01746951219512194
