13 0.356875 0.735625 0.023733552631578947 0.023733552631578947
05 0.9668749999999999 0.9081250000000001 0.01624161073825492 0.03624161073825494
06 0.24063577586206897 0.8556250000000001 0.06372844827586208 0.1062068965517241
10 0.70625 0.44937499999999997 0.029994444444444324 0.021244444444444455
11 0.43437499999999996 0.7875 0.03373809523809529 0.02998809523809509
14 0.13312324438202247 0.38 0.03874648876404495 0.02749297752808988
06 0.31625000000000003 0.19125 0.05999509803921571 0.09749509803921569
09 0.11 0.7762500000000001 0.024956896551724117 0.04245689655172413
09 0.56125 0.31 0.04247844827586211 0.032478448275862104
03 0.270625 0.26125 0.026136363636363624 0.04738636363636367
01 0.775625 0.22999999999999998 0.0287357954545453 0.017485795454545455
10 0.21000000000000002 0.499375 0.029969512195121978 0.028719512195122032
