01 0.344375 0.11625 0.0337335526315789 0.022483552631578946
01 0.58125 0.575625 0.024991610738255066 0.01624161073825514
14 0.859375 0.655 0.0862068965517242 0.04245689655172413
20 0.55125 0.0275 0.019994444444444426 0.017494444444444444
12 0.25 0.311875 0.06998809523809527 0.07373809523809527
04 0.27375 0.044375 0.029992977528089826 0.026242977528089885
13 0.5700000000000001 0.9025 0.08749509803921562 0.09999509803921569
01 0.61375 0.11499999999999999 0.029956896551724066 0.019956896551724126
20 0.171875 0.763125 0.01372844827586206 0.013728448275862282
16 0.9381250000000001 0.485625 0.036136363636363744 0.05363636363636365
