02 0.388125 0.63 0.02873355263157895 0.037483552631578876
18 0.484375 0.4125 0.023741610738255092 0.027491610738255068
20 0.455625 0.535625 0.028706896551724093 0.026206896551724146
18 0.40875 0.04125 0.022494444444444484 0.024994444444444444
02 0.105625 0.32437499999999997 0.02373809523809524 0.0437380952380953
00 0.4575 0.955625 0.04249297752808984 0.03874297752808975
17 0.328125 0.1975 0.031245098039215713 0.03499509803921569
03 0.08187499999999999 0.2025 0.05620689655172414 0.022456896551724143
09 0.7831250000000001 0.708125 0.0487284482758622 0.038728448275862304
14 0.36375 0.37 0.024886363636363595 0.057386363636363624
08 0.696875 0.36812500000000004 0.01873579545454529 0.03373579545454547
03 0.34625 0.77 0.029969512195122006 0.024969512195122
13 0.868125 0.74375 0.04123214285714283 0.057482142857142815
