16 0.8243750000000001 0.481875 0.033733552631578845 0.05373355263157886
13 0.7306250000000001 0.159375 0.06124161073825485 0.06374161073825504
05 0.890625 0.246875 0.04870689655172411 0.026206896551724146
16 0.17312499999999997 0.94125 0.03624444444444444 0.0524944444444444
14 0.59125 0.6 0.05248809523809517 0.03248809523809526
00 0.933125 0.33999999999999997 0.03874297752808986 0.027492977528089824
10 0.20124999999999998 0.048125 0.024995098039215707 0.023745098039215685
08 0.384375 0.7350000000000001 0.041206896551724104 0.032456896551724124
20 0.44125000000000003 0.674375 0.019978448275862093 0.021228448275862122
19 0.505 0.426875 0.01988636363636359 0.04863636363636359
03 0.74375 0.38375000000000004 0.019985795454545263 0.032485795454545496
