18 0.826875 0.450625 0.013733552631578938 0.016233552631578885
03 0.49 0.514375 0.014991610738255057 0.01624161073825503
08 0.608125 0.41125 0.0337068965517241 0.019956896551724168
03 0.44125000000000003 0.455625 0.02249444444444454 0.033744444444444466
05 0.5393749999999999 0.40375 0.02873809523809523 0.02498809523809531
08 0.741875 0.150625 0.028742977528089853 0.01874297752808987
20 0.6031249999999999 0.048125 0.021245098039215704 0.023745098039215685
11 0.94875 0.8125 0.032456896551724124 0.01745689655172411
06 0.075625 0.6468750000000001 0.05372844827586206 0.05872844827586221
03 0.655625 0.925 0.023636363636363678 0.022386363636363815
18 0.041249999999999995 0.92875 0.012485795454545458 0.014985795454545259
06 0.471875 0.285625 0.026219512195121975 0.09621951219512198
14 0.12625 0.575625 0.017482142857142877 0.036232142857142935
