16 0.83875 0.355 0.05998355263157884 0.07498355263157896
04 0.7475 0.33499999999999996 0.032491610738254906 0.022491610738255063
03 0.13375 0.5862499999999999 0.03745689655172414 0.049956896551724195
03 0.429375 0.31 0.05124444444444454 0.05499444444444446
10 0.626875 0.69 0.041238095238095296 0.03248809523809515
03 0.21437499999999998 0.45875 0.051242977528089845 0.05499297752808985
12 0.709375 0.580625 0.07124509803921564 0.04374509803921567
11 0.628125 0.598125 0.05620689655172406 0.0337068965517241
17 0.654375 0.76 0.07122844827586206 0.04747844827586212
08 0.593125 0.496875 0.07863636363636362 0.043636363636363584
02 0.940625 0.07625000000000001 0.06873579545454533 0.044985795454545466
