10 0.155625 0.5925 0.023733552631578947 0.017483552631578858
10 0.46562499999999996 0.9299999999999999 0.02874161073825504 0.0274916107382549
12 0.421875 0.48250000000000004 0.0387068965517241 0.03995689655172413
04 0.871875 0.66 0.033744444444444355 0.022494444444444373
06 0.7381249999999999 0.11624999999999999 0.021238095238095167 0.019988095238095235
06 0.763125 0.313125 0.023742977528089848 0.03374297752808986
18 0.6268750000000001 0.321875 0.018745098039215757 0.02124509803921565
07 0.9393750000000001 0.44686422413793103 0.053706896551724115 0.07872844827586212
14 0.24375 0.47562499999999996 0.04247844827586206 0.016228448275862062
17 0.26625 0.43125 0.04488636363636367 0.042386363636363555
19 0.568125 0.4575 0.031235795454545467 0.032485795454545496
