07 0.86375 0.645625 0.019983552631578916 0.01873355263157883
11 0.6856249999999999 0.44625 0.026241610738254928 0.01999161073825506
00 0.178125 0.36 0.01870689655172414 0.012456896551724106
08 0.6174999999999999 0.19437500000000002 0.014994444444444421 0.02624444444444443
17 0.1125 0.565625 0.024988095238095226 0.02873809523809523
15 0.7112499999999999 0.24125 0.01749297752808976 0.02249297752808982
10 0.1725 0.226875 0.0174950980392157 0.011245098039215695
01 0.240625 0.711875 0.011206896551724133 0.011206896551724133
14 0.605 0.168125 0.009978448275862029 0.016228448275862062
14 0.48375 0.041875 0.03988636363636361 0.01863636363636363
14 0.8525 0.448125 0.029985795454545383 0.031235795454545467
00 0.828125 0.631875 0.016219512195122077 0.011219512195121961
