10 0.186875 0.613125 0.016233552631578968 0.016233552631578885
10 0.523125 0.12312500000000001 0.03624161073825505 0.026241610738255053
14 0.299375 0.73875 0.03120689655172415 0.0549568965517242
08 0.33 0.3925 0.019994444444444426 0.047494444444444506
08 0.24999702380952382 0.7825 0.02749404761904764 0.027488095238095145
10 0.49312500000000004 0.465625 0.028742977528089908 0.018742977528089844
12 0.7 0.179375 0.03999509803921575 0.043745098039215696
06 0.051250000000000004 0.41312499999999996 0.03245689655172415 0.08120689655172414
19 0.131875 0.10625 0.02872844827586206 0.027478448275862072
01 0.651875 0.71875 0.028636363636363682 0.02738636363636382
10 0.214375 0.9775 0.03373579545454547 0.02248579545454532
20 0.16375 0.195 0.027469512195121948 0.024969512195121973
