16 0.41625 0.558125 0.037483552631578876 0.0362335526315789
05 0.24 0.833125 0.029991610738255042 0.016241610738254808
04 0.296875 0.345 0.018706896551724084 0.017456896551724166
00 0.825 0.69 0.029994444444444324 0.02499444444444443
11 0.735625 0.66625 0.031238095238095176 0.027488095238095145
06 0.631875 0.03 0.0212429775280899 0.017492977528089884
14 0.37 0.270625 0.029995098039215684 0.031245098039215713
06 0.0675 0.45687500000000003 0.05495689655172413 0.028706896551724148
08 0.380625 0.11437499999999999 0.011228448275862057 0.041228448275862056
12 0.2025 0.155 0.05488636363636365 0.03238636363636366
