04 0.24687499999999998 0.2025 0.03623355263157896 0.03748355263157896
08 0.45125 0.795625 0.06249161073825504 0.05124161073825495
07 0.450625 0.25187499999999996 0.09870689655172415 0.06620689655172413
08 0.793125 0.6525 0.12874444444444433 0.08999444444444449
06 0.13625 0.065 0.08498809523809525 0.06748809523809524
03 0.28375 0.8062499999999999 0.02749297752808988 0.02499297752808982
14 0.763125 0.08875 0.03374509803921566 0.01999509803921569
07 0.795625 0.186875 0.053706896551724115 0.02870689655172412
04 0.808125 0.6 0.03372844827586219 0.029978448275862046
09 0.3375 0.805625 0.022386363636363593 0.07613636363636378
18 0.38 0.54375 0.027485795454545436 0.029985795454545383
14 0.266875 0.589375 0.038719512195121986 0.033719512195121926
15 0.1275 0.580625 0.03748214285714287 0.03123214285714282
13 0.39375 0.66125 0.03748750000000001 0.10748749999999996
