15 0.095 0.11125 0.019983552631578944 0.022483552631578946
01 0.416875 0.405625 0.02874161073825504 0.02874161073825504
07 0.07375000000000001 0.559375 0.08245689655172414 0.09370689655172415
13 0.88125 0.885625 0.05749444444444429 0.0987444444444443
02 0.405 0.79375 0.02748809523809531 0.034988095238095096
01 0.859375 0.5 0.043742977528089755 0.02749297752808988
13 0.61625 0.6425000000000001 0.03499509803921563 0.08499509803921568
18 0.42874999999999996 0.5687500000000001 0.02995689655172412 0.032456896551724124
14 0.649375 0.489375 0.028728448275862073 0.07372844827586206
16 0.818125 0.8725 0.05113636363636376 0.057386363636363735
20 0.62625 0.169375 0.027485795454545436 0.02373579545454546
18 0.7050000000000001 0.28 0.027469512195121948 0.02996951219512195
