19 0.808125 0.5249999999999999 0.02873355263157884 0.04998355263157894
14 0.745625 0.6499999999999999 0.038741610738254884 0.03749161073825491
11 0.13874999999999998 0.776875 0.04995689655172411 0.053706896551724115
07 0.410625 0.5525 0.056244444444444486 0.01749444444444448
08 0.34625 0.5662499999999999 0.04248809523809527 0.05748809523809528
18 0.803125 0.325 0.028742977528089853 0.032492977528089884
03 0.370625 0.258125 0.0737450980392157 0.06624509803921572
04 0.149375 0.624375 0.051206896551724126 0.046206896551724164
20 0.099375 0.690625 0.04872844827586206 0.0437284482758622
19 0.833125 0.6425000000000001 0.04613636363636364 0.0323863636363636
02 0.8106249999999999 0.574375 0.031235795454545356 0.02123579545454546
20 0.038125000000000006 0.7 0.05371951219512196 0.04246951219512196
20 0.6018749999999999 0.971875 0.023732142857142757 0.018732142857142864
