13 0.26187499999999997 0.37875000000000003 0.07123355263157899 0.03748355263157893
20 0.38375000000000004 0.259375 0.022491610738255063 0.021241610738255062
06 0.930625 0.09562499999999999 0.008706896551724186 0.07620689655172413
03 0.40875 0.848125 0.029994444444444546 0.09624444444444435
14 0.115 0.92625 0.05248809523809525 0.017488095238095136
18 0.295625 0.213125 0.021242977528089846 0.023742977528089848
10 0.795625 0.34375 0.02374509803921565 0.017495098039215673
18 0.688125 0.3675 0.016206896551724137 0.019956896551724168
18 0.7462500000000001 0.41625 0.0174784482758622 0.019978448275862037
00 0.5575 0.52125 0.037386363636363606 0.022386363636363593
18 0.57125 0.059375 0.017485795454545427 0.02123579545454545
10 0.334375 0.740625 0.02121951219512197 0.023719512195121917
