10 0.431875 0.136875 0.016233552631578885 0.01623355263157894
14 0.600625 0.8200000000000001 0.03374161073825499 0.029991610738254848
02 0.588125 0.8812500000000001 0.036206896551724155 0.022456896551724115
15 0.4825 0.036875 0.04499444444444445 0.026244444444444442
18 0.965625 0.3375 0.023738095238095114 0.024988095238095254
13 0.45625000000000004 0.899375 0.09249297752808988 0.03374297752808986
10 0.2625 0.36312500000000003 0.032495098039215686 0.031245098039215657
10 0.81625 0.5175000000000001 0.024956896551724173 0.02495689655172406
14 0.21 0.715625 0.04247844827586206 0.02372844827586229
08 0.019375 0.6675 0.021136363636363634 0.04488636363636367
13 0.176875 0.41500000000000004 0.07623579545454545 0.08748579545454543
02 0.785 0.23249999999999998 0.022469512195121943 0.04496951219512199
12 0.260625 0.85375 0.04373214285714286 0.08748214285714284
