00 0.968125 0.5643750000000001 0.02873355263157884 0.018733552631578942
11 0.286875 0.24625 0.01624161073825503 0.012491610738255055
10 0.051875000000000004 0.5387500000000001 0.013706896551724142 0.014956896551724053
10 0.020625 0.89375 0.013744444444444443 0.017494444444444368
08 0.06 0.7075 0.012488095238095236 0.024988095238095198
00 0.765625 0.511875 0.02124297752808979 0.018742977528089844
06 0.80625 0.3275 0.017495098039215673 0.019995098039215675
04 0.22749999999999998 0.84875 0.01995689655172414 0.012456896551724217
04 0.270625 0.026875000000000003 0.021228448275862066 0.02122844827586207
10 0.498125 0.7737499999999999 0.011136363636363611 0.012386363636363806
08 0.410625 0.5375000000000001 0.028735795454545465 0.027485795454545436
