15 0.48812500000000003 0.315625 0.01623355263157894 0.03873355263157896
02 0.81375 0.9550000000000001 0.024991610738254955 0.0274916107382549
20 0.381875 0.10625000000000001 0.02120689655172414 0.02245689655172413
12 0.688125 0.145625 0.026244444444444293 0.02874444444444446
18 0.27937500000000004 0.14125 0.018738095238095276 0.022488095238095224
01 0.46562499999999996 0.750625 0.01624297752808984 0.011242977528089781
03 0.22312500000000002 0.09125 0.028745098039215683 0.032495098039215686
03 0.264375 0.22312500000000002 0.01870689655172414 0.03620689655172413
14 0.114375 0.320625 0.02622844827586207 0.036228448275862024
10 0.273125 0.289375 0.023636363636363678 0.018636363636363673
13 0.47250000000000003 0.31375 0.08248579545454549 0.04748579545454551
