03 0.5175 0.346875 0.014983552631578911 0.0362335526315789
20 0.30625 0.315625 0.022491610738255063 0.021241610738255035
03 0.5743750000000001 0.506875 0.04120689655172416 0.018706896551724195
12 0.108125 0.9762500000000001 0.033744444444444466 0.029994444444444324
18 0.56375 0.909375 0.0149880952380953 0.01873809523809511
18 0.90625 0.793125 0.014992977528089924 0.018742977528089844
12 0.111875 0.105625 0.028745098039215697 0.031245098039215685
12 0.378125 0.606875 0.0387068965517241 0.036206896551724044
11 0.390625 0.6243749999999999 0.016228448275862117 0.01372844827586206
13 0.328125 0.49875 0.09613636363636363 0.06738636363636363
02 0.028125 0.6575 0.013735795454545459 0.02498579545454538
