14 0.679375 0.3175 0.026233552631578894 0.04498355263157894
18 0.49750000000000005 0.868125 0.01749161073825506 0.018741610738254866
03 0.311875 0.285625 0.043706896551724106 0.041206896551724104
07 0.188125 0.67375 0.06374444444444444 0.06999444444444447
07 0.476875 0.7687470238095238 0.041238095238095296 0.05749404761904753
15 0.92875 0.544375 0.039992977528089835 0.026242977528089795
01 0.07375000000000001 0.05875 0.017495098039215687 0.01249509803921569
03 0.9512499999999999 0.31375 0.039956896551724186 0.02995689655172412
03 0.530625 0.3725 0.028728448275862073 0.04497844827586206
14 0.590625 0.563125 0.03863636363636358 0.013636363636363669
01 0.729375 0.941875 0.016235795454545343 0.01873579545454529
09 0.8831249999999999 0.7931250000000001 0.016219512195121966 0.026219512195121975
09 0.694375 0.26625 0.03123214285714282 0.04498214285714283
