15 0.64625 0.049375 0.019983552631578916 0.02623355263157895
03 0.7306250000000001 0.674375 0.03624161073825494 0.168741610738255
12 0.7925 0.305625 0.04745689655172414 0.05870689655172412
12 0.5081249999999999 0.628125 0.053744444444444484 0.05624444444444443
13 0.9393750000000001 0.248125 0.02623809523809506 0.07123809523809527
11 0.045 0.39812499999999995 0.03249297752808989 0.02624297752808985
13 0.756875 0.524375 0.03624509803921572 0.056245098039215624
11 0.073125 0.040625 0.023706896551724144 0.016206896551724137
03 0.39625 0.8043750000000001 0.01747844827586209 0.02372844827586229
00 0.5918749999999999 0.40625 0.023636363636363567 0.02488636363636365
11 0.34625 0.5193749999999999 0.0349857954545455 0.023735795454545516
16 0.230625 0.829375 0.03121951219512198 0.051219512195122
15 0.27125 0.52625 0.014982142857142833 0.0374821428571428
06 0.030624999999999996 0.19375 0.05123749999999999 0.0974875
