08 0.6487499999999999 0.226875 0.0624835526315789 0.03873355263157896
08 0.87875 0.92125 0.032491610738254906 0.06499161073825488
02 0.6675 0.3675 0.04745689655172414 0.01745689655172411
05 0.670625 0.90875 0.0362444444444443 0.05499444444444446
07 0.7375 0.83875 0.05998809523809512 0.02998809523809509
14 0.079375 0.826875 0.06624297752808989 0.036242977528089804
14 0.755625 0.655625 0.023745098039215762 0.06624509803921574
15 0.536875 0.075625 0.03120689655172404 0.038706896551724136
07 0.624375 0.5193696120689655 0.06872844827586211 0.04873922413793108
15 0.24125 0.745 0.03238636363636366 0.02488636363636365
16 0.640625 0.57125 0.041235795454545365 0.06248579545454547
