03 0.224375 0.12125 0.01873355263157897 0.019983552631578957
10 0.746875 0.424375 0.028741610738254875 0.023741610738255092
03 0.34750000000000003 0.31625000000000003 0.024956896551724117 0.02245689655172417
04 0.901875 0.64625 0.02874444444444435 0.03249444444444438
03 0.6643749999999999 0.7437499999999999 0.023738095238095114 0.02248809523809514
02 0.479375 0.6499999999999999 0.028742977528089853 0.05499297752808985
15 0.58375 0.074375 0.014995098039215726 0.04374509803921569
07 0.201875 0.661864224137931 0.028706896551724148 0.06872844827586211
04 0.460625 0.79625 0.03372844827586208 0.024978448275862153
06 0.111875 0.215 0.011136363636363639 0.06488636363636369
03 0.05625 0.735 0.024985795454545448 0.08248579545454526
05 0.239375 0.74 0.023719512195121945 0.039969512195122014
01 0.76375 0.845 0.02498214285714284 0.02498214285714284
06 0.31125 0.79375 0.01998749999999999 0.0899875
