13 0.385625 0.0325 0.07873355263157888 0.05998355263157895
10 0.7775000000000001 0.764375 0.017491610738254892 0.021241610738254924
03 0.058124999999999996 0.854375 0.053706896551724136 0.0387068965517241
00 0.701875 0.5 0.026244444444444404 0.02249444444444454
06 0.59875 0.558125 0.03498809523809521 0.11123809523809525
04 0.98 0.558125 0.029992977528089826 0.028742977528089853
12 0.2975 0.411875 0.054995098039215706 0.05624509803921568
00 0.30000000000000004 0.09625 0.02995689655172412 0.017456896551724124
04 0.08687500000000001 0.096875 0.023728448275862055 0.021228448275862066
07 0.8925000000000001 0.34375 0.02738636363636371 0.012386363636363584
05 0.984375 0.833125 0.021235795454545237 0.026235795454545352
08 0.225 0.1875 0.009969512195121988 0.017469512195121994
