15 0.923125 0.78125 0.051233552631578916 0.05498355263157895
20 0.390625 0.985625 0.028741610738255097 0.021241610738254924
12 0.66875 0.52875 0.07995689655172411 0.0649568965517241
06 0.854375 0.42999861111111115 0.13374444444444444 0.0599972222222222
00 0.7831250000000001 0.11 0.031238095238095176 0.027488095238095228
12 0.383125 0.174375 0.04624297752808981 0.053742977528089875
11 0.504375 0.788125 0.03874509803921572 0.03624509803921572
08 0.713125 0.786875 0.036206896551724155 0.0387068965517241
18 0.485 0.47625 0.02247844827586204 0.024978448275862042
01 0.95125 0.558125 0.04238636363636372 0.03613636363636363
07 0.70375 0.18375 0.03498579545454539 0.022485795454545487
