06 0.03687911184210527 0.499375 0.051241776315789474 0.008733552631578878
02 0.28812499999999996 0.9450000000000001 0.023741610738255037 0.029991610738254848
01 0.478125 0.26187499999999997 0.01870689655172414 0.021206896551724086
14 0.8575 0.59625 0.022494444444444373 0.022494444444444484
06 0.62625 0.745 0.009988095238095296 0.02998809523809509
12 0.1825 0.0625 0.02499297752808985 0.034992977528089886
14 0.57375 0.4425 0.032495098039215686 0.017495098039215673
11 0.77625 0.7825 0.019956896551724057 0.01745689655172411
04 0.8356250000000001 0.819375 0.018728448275862175 0.01622844827586223
19 0.855625 0.97125 0.02113636363636373 0.014886363636363753
03 0.6775 0.850625 0.03248579545454533 0.011235795454545339
18 0.225 0.039999999999999994 0.01246951219512199 0.014969512195121944
