15 0.413125 0.901875 0.02123355263157889 0.04623355263157891
06 0.2425 0.6706229026845638 0.044991610738255056 0.021245805369127457
04 0.0475 0.6675 0.04245689655172413 0.032456896551724124
12 0.625 0.5137499999999999 0.04999444444444445 0.06499444444444447
13 0.54375 0.21437499999999998 0.04248809523809527 0.10873809523809527
20 0.75 0.631875 0.01749297752808987 0.016242977528089786
10 0.46499999999999997 0.35125 0.03999509803921569 0.042495098039215695
15 0.598125 0.464375 0.06370689655172412 0.03870689655172416
03 0.17375000000000002 0.30062500000000003 0.03747844827586208 0.03622844827586208
20 0.016874999999999998 0.44875 0.026136363636363635 0.024886363636363595
