05 0.46875 0.17875 0.012483552631578854 0.027483552631578978
12 0.23625000000000002 0.40125 0.06249161073825507 0.042491610738255026
12 0.8725 0.38625 0.03495689655172407 0.03995689655172413
13 0.531875 0.335625 0.11374444444444443 0.023744444444444457
20 0.285625 0.6737500000000001 0.021238095238095278 0.02248809523809514
13 0.7656267556179776 0.70625 0.03874648876404496 0.027492977528089768
04 0.82375 0.063125 0.027495098039215682 0.021245098039215683
03 0.746875 0.675 0.016206896551724137 0.019956896551724168
01 0.47750000000000004 0.9575 0.019978448275862093 0.014978448275862144
13 0.6075284090909091 0.245625 0.05244318181818186 0.02613636363636368
16 0.416875 0.6475 0.03373579545454547 0.029985795454545494
