01 0.055625 0.15250000000000002 0.036233552631578944 0.03498355263157896
15 0.6837500000000001 0.051250000000000004 0.029991610738254848 0.012491610738255034
03 0.92375 0.5031249999999999 0.02745689655172412 0.0362068965517241
15 0.125 0.14375 0.02999444444444445 0.03749444444444444
14 0.526875 0.15125 0.031238095238095287 0.04248809523809524
11 0.830625 0.440625 0.043742977528089866 0.023742977528089848
04 0.538125 0.43375 0.038745098039215664 0.032495098039215686
12 0.371875 0.8543750000000001 0.036206896551724155 0.06370689655172412
06 0.231875 0.813125 0.08122844827586206 0.02372844827586218
07 0.96 0.44937499999999997 0.03488636363636377 0.04113636363636358
19 0.298125 0.799375 0.02373579545454546 0.03873579545454542
00 0.039999999999999994 0.355 0.02246951219512195 0.014969512195121992
00 0.5825 0.13375 0.0424821428571428 0.04248214285714287
14 0.256875 0.139375 0.021237500000000048 0.051237500000000005
