08 0.47 0.83875 0.017483552631578914 0.029983552631578814
13 0.5475000000000001 0.09875 0.08249161073825506 0.04499161073825503
02 0.351875 0.578125 0.046206896551724164 0.018706896551724084
03 0.576875 0.393125 0.02874444444444446 0.023744444444444457
15 0.294375 0.565 0.01123809523809527 0.017488095238095247
18 0.47250000000000003 0.505 0.019992977528089872 0.019992977528089817
10 0.24812499999999998 0.431875 0.021245098039215676 0.021245098039215704
03 0.3075 0.7518750000000001 0.014956896551724164 0.05620689655172406
16 0.645 0.731875 0.03497844827586216 0.036228448275862246
09 0.5193749999999999 0.43562500000000004 0.023636363636363567 0.046136363636363587
06 0.278125 0.878125 0.03623579545454547 0.04373579545454531
15 0.49625 0.900625 0.014969512195121992 0.023719512195121917
13 0.555625 0.320625 0.10373214285714283 0.036232142857142824
