14 0.31125 0.179375 0.042483552631578936 0.021233552631578972
01 0.14937499999999998 0.5587500000000001 0.013741610738255056 0.009991610738255052
05 0.13375 0.3075 0.02245689655172413 0.032456896551724124
13 0.155 0.493125 0.07999444444444444 0.043744444444444475
04 0.766875 0.909375 0.031238095238095176 0.023738095238095114
01 0.63625 0.10250000000000001 0.02749297752808988 0.02499297752808989
13 0.505 0.609375 0.034995098039215744 0.05374509803921579
12 0.396875 0.89 0.02620689655172409 0.029956896551724066
20 0.13624999999999998 0.419375 0.012478448275862059 0.01372844827586206
03 0.56125 0.526875 0.022386363636363593 0.08113636363636356
12 0.244375 0.685 0.058735795454545464 0.062485795454545356
11 0.185625 0.541875 0.028719512195121977 0.018719512195122023
18 0.10875 0.8600000000000001 0.01498214285714286 0.019982142857142837
13 0.41812499999999997 0.105625 0.018737500000000018 0.041237500000000024
