04 0.59625 0.583125 0.03248355263157887 0.02873355263157884
04 0.7825 0.91625 0.03999161073825486 0.03999161073825497
07 0.058124999999999996 0.619375 0.05870689655172413 0.011206896551724133
03 0.48375 0.703125 0.0399944444444445 0.06374444444444438
15 0.875625 0.7437499999999999 0.031238095238095065 0.06498809523809512
04 0.91125 0.52625 0.03499297752808994 0.02749297752808988
04 0.483125 0.30375 0.026245098039215653 0.022495098039215677
05 0.6625000000000001 0.878125 0.019956896551724168 0.03870689655172421
06 0.21187499999999998 0.749375 0.05372844827586207 0.09622844827586219
12 0.14125 0.59625 0.04488636363636364 0.04488636363636356
