01 0.16187500000000002 0.141875 0.02873355263157895 0.02623355263157895
02 0.630625 0.1075 0.06124161073825496 0.08999161073825504
04 0.79125 0.504375 0.049956896551724084 0.03870689655172416
18 0.835 0.453125 0.03499444444444433 0.03874444444444447
00 0.505 0.10999999999999999 0.0699880952380953 0.07248809523809523
07 0.53 0.5387500000000001 0.07499297752808981 0.08249297752808987
04 0.8725 0.344375 0.052495098039215704 0.038745098039215664
04 0.5543750000000001 0.92625 0.04120689655172416 0.03745689655172413
15 0.91125 0.79375 0.04747844827586212 0.06247844827586213
01 0.693125 0.09125 0.036136363636363744 0.022386363636363635
18 0.864375 0.291875 0.03623579545454536 0.038735795454545474
07 0.9299999999999999 0.51625 0.019969512195121886 0.079969512195122
13 0.655625 0.429375 0.0687321428571428 0.08373214285714281
13 0.74125 0.561875 0.11998750000000002 0.10123750000000009
