01 0.8518749999999999 0.8725 0.016233552631578996 0.012483552631578854
15 0.973125 0.7150000000000001 0.02374161073825487 0.03999161073825486
04 0.26375 0.46375 0.022456896551724115 0.019956896551724168
04 0.165625 0.138125 0.021244444444444455 0.021244444444444455
01 0.04625 0.035625000000000004 0.009988095238095233 0.008738095238095232
04 0.79375 0.6525000000000001 0.029992977528089937 0.022492977528089875
05 0.830625 0.660625 0.028745098039215766 0.018745098039215646
13 0.268125 0.21437499999999998 0.04870689655172411 0.043706896551724134
03 0.7075053879310345 0.44375 0.012489224137931076 0.02247844827586204
12 0.794375 0.09812499999999999 0.03113636363636374 0.05863636363636364
00 0.7450000000000001 0.7418750000000001 0.02248579545454532 0.023735795454545294
