10 0.23375 0.3425 0.017483552631578997 0.022483552631578918
14 0.865 0.40375 0.03999161073825497 0.022491610738255008
20 0.048125 0.7125 0.016206896551724137 0.01745689655172411
18 0.236875 0.106875 0.018744444444444425 0.021244444444444455
10 0.679375 0.40812499999999996 0.028738095238095118 0.02373809523809528
10 0.306875 0.5506249999999999 0.023742977528089848 0.023742977528089848
15 0.5643750000000001 0.78125 0.04374509803921567 0.05749509803921571
04 0.6599999999999999 0.583125 0.029956896551724177 0.0237068965517242
12 0.5587500000000001 0.495625 0.032478448275862104 0.04622844827586209
04 0.7306250000000001 0.4325 0.026136363636363735 0.027386363636363598
01 0.5900000000000001 0.54375 0.017485795454545427 0.012485795454545534
14 0.66125 0.971875 0.019969512195121997 0.03621951219512198
11 0.905 0.7324999999999999 0.029982142857142846 0.03248214285714279
