10 0.56375 0.5293749999999999 0.0624835526315789 0.06373355263157887
16 0.1125 0.74875 0.07749161073825503 0.10749161073825486
03 0.23812500000000003 0.408125 0.11120689655172414 0.08370689655172414
01 0.811875 0.729375 0.05624444444444432 0.04874444444444426
16 0.579375 0.83375 0.06373809523809526 0.10498809523809505
03 0.65625 0.93625 0.06499297752808975 0.0674929775280898
04 0.375 0.485625 0.07249509803921572 0.07124509803921564
12 0.735625 0.8899999999999999 0.0962068965517241 0.08495689655172411
19 0.250625 0.0875 0.06872844827586208 0.07997844827586206
18 0.39937500000000004 0.235625 0.046136363636363587 0.048636363636363644
05 0.04312500000000001 0.8575 0.07873579545454547 0.0599857954545453
03 0.9381250000000001 0.254375 0.118719512195122 0.06121951219512195
13 0.846875 0.625 0.20123214285714275 0.06748214285714282
