12 0.1675 0.1975 0.08248355263157897 0.12248355263157895
10 0.22499999999999998 0.693125 0.05749161073825501 0.04374161073825489
14 0.643125 0.736875 0.07870689655172403 0.03120689655172415
01 0.44625000000000004 0.0825 0.044994444444444504 0.03749444444444444
10 0.888125 0.888125 0.04623809523809508 0.041238095238095185
09 0.74625 0.12875 0.05999297752808985 0.0474929775280899
16 0.37124999999999997 0.63625 0.07249509803921567 0.08999509803921568
11 0.34875 0.85875 0.0649568965517241 0.03495689655172418
06 0.11 0.224375 0.18497844827586207 0.15372844827586207
10 0.853125 0.515625 0.03113636363636374 0.031136363636363518
01 0.824375 0.5856250000000001 0.048735795454545316 0.03623579545454547
20 0.948125 0.33499999999999996 0.03121951219512198 0.022469512195122
01 0.468125 0.829375 0.04373214285714283 0.03123214285714282
11 0.618125 0.4275 0.0637375 0.057487500000000025
