05 0.590625 0.441875 0.051233552631578916 0.02373355263157889
11 0.195 0.713125 0.03749161073825505 0.031241610738254932
06 0.675635775862069 0.815625 0.028728448275861962 0.023706896551724088
18 0.481875 0.6231249999999999 0.03124444444444452 0.033744444444444466
12 0.343125 0.3925 0.05373809523809525 0.05748809523809528
02 0.15999999999999998 0.7775 0.052492977528089874 0.10249297752808983
02 0.29 0.329375 0.032495098039215686 0.031245098039215657
03 0.114375 0.67 0.016206896551724123 0.06745689655172415
10 0.281875 0.63875 0.03372844827586208 0.019978448275862037
08 0.06127840909090909 0.746875 0.054943181818181815 0.026136363636363735
16 0.859375 0.745 0.041235795454545254 0.06498579545454541
14 0.27375 0.218125 0.057469512195121975 0.04871951219512197
11 0.700625 0.72375 0.043732142857142775 0.02748214285714279
20 0.730625 0.31875 0.033737499999999976 0.027487500000000054
