10 0.86625 0.54125 0.019983552631578916 0.014983552631578911
06 0.5725 0.809375 0.01999161073825506 0.01624161073825492
11 0.9137500000000001 0.816875 0.02495689655172406 0.018706896551724084
07 0.8500013888888889 0.755 0.02249722222222217 0.029994444444444435
01 0.9181250000000001 0.715625 0.021238095238095167 0.01623809523809505
15 0.201875 0.721875 0.023742977528089848 0.028742977528089853
11 0.503125 0.375625 0.026245098039215764 0.023745098039215706
14 0.175625 0.150625 0.01870689655172414 0.031206896551724123
15 0.36624999999999996 0.18 0.029978448275862102 0.027478448275862072
14 0.12375 0.4725 0.017386363636363644 0.027386363636363598
14 0.6968749999999999 0.844375 0.023735795454545294 0.026235795454545352
