02 0.7612541118421052 0.40437500000000004 0.03749177631578948 0.05373355263157892
08 0.35062499999999996 0.150625 0.03874161073825505 0.01874161073825506
16 0.798125 0.545 0.0337068965517241 0.03745689655172413
20 0.478125 0.620625 0.018744444444444508 0.013744444444444559
03 0.848125 0.41625 0.03623809523809518 0.049988095238095276
13 0.9025 0.47375 0.049992977528089844 0.03749297752808989
02 0.8206249999999999 0.424375 0.021245098039215704 0.028745098039215655
09 0.619375 0.06125 0.036206896551724155 0.024956896551724145
04 0.04875 0.31875 0.027478448275862065 0.019978448275862093
11 0.546875 0.89625 0.02863636363636357 0.019886363636363757
12 0.6581249999999998 0.611875 0.03623579545454547 0.03623579545454547
06 0.308125 0.19874999999999998 0.026219512195121975 0.02246951219512197
