18 0.96 0.674375 0.019983552631578916 0.023733552631578836
13 0.73 0.106875 0.03749161073825491 0.04624161073825506
03 0.7749999999999999 0.19625 0.04245689655172413 0.034956896551724126
11 0.0225 0.746875 0.022494444444444442 0.026244444444444404
12 0.7206250000000001 0.18062499999999998 0.04373809523809513 0.04123809523809527
08 0.07625 0.655 0.04999297752808989 0.012492977528089866
12 0.495 0.21 0.027495098039215682 0.029995098039215684
14 0.669375 0.6612499999999999 0.023706896551724088 0.04245689655172413
16 0.056249999999999994 0.663125 0.024978448275862063 0.03872844827586219
14 0.08499999999999999 0.46562499999999996 0.022386363636363635 0.013636363636363613
12 0.16249999999999998 0.9412499999999999 0.029985795454545466 0.03248579545454533
04 0.306875 0.82875 0.026219512195121975 0.02746951219512206
14 0.9650044642857143 0.398125 0.027491071428571434 0.02123214285714281
12 0.5825 0.604375 0.0324875 0.033737499999999976
