04 0.546875 0.3775 0.03123355263157901 0.029983552631578925
05 0.09062500000000001 0.83375 0.018741610738255046 0.042491610738254915
00 0.05875 0.8831249999999999 0.029956896551724142 0.018706896551724195
06 0.3593763888888889 0.30875 0.013747222222222244 0.039994444444444444
15 0.42000000000000004 0.40875 0.012488095238095298 0.027488095238095256
03 0.5175000000000001 0.8200000000000001 0.014992977528089813 0.0524929775280899
13 0.351875 0.97875 0.02624509803921571 0.00999509803921561
11 0.98 0.369375 0.02745689655172412 0.02120689655172414
10 0.066875 0.28 0.02372844827586207 0.024978448275862097
11 0.79375 0.53125 0.02738636363636371 0.022386363636363704
10 0.620625 0.46625 0.013735795454545396 0.012485795454545423
18 0.81125 0.47250000000000003 0.019969512195121997 0.022469512195122
