00 0.445 0.819375 0.04998355263157894 0.051233552631578916
04 0.2375 0.950625 0.04749161073825503 0.028741610738254875
07 0.900625 0.630625 0.028706896551724093 0.0862068965517242
04 0.5643750000000001 0.308125 0.053744444444444484 0.05874444444444443
16 0.6225 0.8 0.04998809523809522 0.07748809523809508
20 0.451875 0.44875 0.05374297752808982 0.049992977528089844
14 0.0625 0.20500000000000002 0.03499509803921569 0.0749950980392157
07 0.04873922413793104 0.301875 0.07247844827586207 0.04120689655172416
12 0.44437499999999996 0.871875 0.058728448275862044 0.06622844827586227
20 0.045 0.9237500000000001 0.027386363636363632 0.024886363636363762
03 0.8356250000000001 0.705625 0.03623579545454525 0.041235795454545365
11 0.479375 0.91125 0.058719512195122 0.03746951219512207
01 0.6781250000000001 0.6425000000000001 0.028732142857142873 0.029982142857142846
03 0.188125 0.213125 0.04873750000000002 0.0912375
