18 0.745 0.37 0.022483552631578974 0.02498355263157892
10 0.428125 0.20625 0.02874161073825504 0.024991610738255038
06 0.281875 0.61375 0.06870689655172413 0.012456896551724106
03 0.5931263888888889 0.09437500000000001 0.04124722222222221 0.03374444444444445
11 0.134375 0.271875 0.03123809523809523 0.026238095238095227
06 0.0475 0.645 0.03999297752808989 0.014992977528089924
15 0.19875 0.12 0.03499509803921569 0.0624950980392157
13 0.756875 0.7324999999999999 0.06370689655172412 0.14745689655172411
04 0.7718750000000001 0.16875 0.026228448275862237 0.027478448275862072
00 0.90375 0.935 0.022386363636363815 0.022386363636363815
