03 0.94125 0.96625 0.037483552631578876 0.047483552631578996
13 0.21187499999999998 0.483125 0.011241610738255053 0.03874161073825505
13 0.360625 0.91625 0.04370689655172416 0.10745689655172419
04 0.7206250000000001 0.11 0.041244444444444306 0.032494444444444465
01 0.749375 0.713125 0.02623809523809517 0.021238095238095056
03 0.796875 0.36624999999999996 0.0312429775280898 0.03749297752808983
15 0.24875 0.765625 0.03499509803921569 0.023745098039215762
12 0.37124999999999997 0.44875 0.06495689655172415 0.03995689655172413
03 0.514375 0.421875 0.03372844827586202 0.0637284482758621
11 0.9437500000000001 0.879375 0.03488636363636377 0.02113636363636373
