04 0.45625 0.05500000000000001 0.029983552631578925 0.02998355263157896
04 0.129375 0.10125 0.03124161073825503 0.029991610738255056
04 0.595 0.893125 0.032456896551724124 0.026206896551724035
06 0.33562499999999995 0.24375000000000002 0.013744444444444504 0.029994444444444462
07 0.38375000000000004 0.7381249999999999 0.03498809523809526 0.013738095238095105
15 0.5825 0.8712500000000001 0.032492977528089884 0.04249297752808989
12 0.8043737745098039 0.23625000000000002 0.02374754901960785 0.024995098039215707
14 0.911875 0.935 0.03370689655172421 0.039956896551724186
20 0.033124999999999995 0.48187500000000005 0.023728448275862065 0.016228448275862062
06 0.6912499999999999 0.030625 0.03738636363636372 0.01613636363636363
