15 0.41000000000000003 0.583125 0.01998355263157886 0.04873355263157886
10 0.10375000000000001 0.885625 0.02249161073825505 0.021241610738254924
03 0.24624999999999997 0.546875 0.04745689655172411 0.03370689655172421
05 0.9837499999999999 0.54625 0.027494444444444377 0.014994444444444532
02 0.251875 0.0625 0.028738095238095257 0.01998809523809523
11 0.09125 0.610625 0.02499297752808989 0.023742977528089848
03 0.746875 0.87125 0.021245098039215704 0.03749509803921569
06 0.534375 0.39311422413793107 0.08120689655172414 0.048728448275862035
09 0.7893749999999999 0.7849999999999999 0.01622844827586223 0.024978448275862264
12 0.625 0.734375 0.03738636363636372 0.033636363636363686
