04 0.834375 0.445625 0.02873355263157884 0.02123355263157889
20 0.32875 0.103125 0.012491610738255055 0.013741610738255042
11 0.6 0.45875 0.02745689655172412 0.01745689655172411
01 0.07875 0.91 0.024994444444444458 0.022494444444444373
01 0.391875 0.214375 0.016238095238095218 0.01123809523809527
14 0.323125 0.961875 0.028742977528089853 0.03374297752808986
03 0.715625 0.735625 0.02374509803921565 0.05374509803921568
14 0.22749999999999998 0.4075 0.01995689655172414 0.04245689655172408
09 0.7875000000000001 0.670625 0.0174784482758622 0.028728448275862184
12 0.41874999999999996 0.5774999999999999 0.0298863636363636 0.0323863636363636
00 0.061875 0.10875 0.026235795454545456 0.027485795454545464
09 0.88 0.443125 0.02746951219512206 0.03621951219512198
03 0.5275000000000001 0.576875 0.01748214285714289 0.018732142857142864
18 0.5231250000000001 0.67 0.018737499999999963 0.022487499999999994
