13 0.9624999999999999 0.398125 0.05248355263157889 0.051233552631578916
20 0.241875 0.49875 0.031241610738255043 0.029991610738255015
11 0.75125 0.688125 0.03495689655172418 0.026206896551724146
03 0.755625 0.118125 0.07124444444444444 0.04374444444444445
12 0.314375 0.14 0.06373809523809526 0.06748809523809525
09 0.074375 0.41437500000000005 0.041242977528089884 0.021242977528089846
16 0.9524999999999999 0.66125 0.042495098039215695 0.0624950980392156
14 0.2725 0.6331249999999999 0.03745689655172413 0.026206896551724035
13 0.69625 0.5 0.09247844827586216 0.12247844827586207
10 0.0775 0.25625 0.029886363636363628 0.022386363636363676
