03 0.301875 0.706875 0.038733552631578905 0.05873355263157887
05 0.44125000000000003 0.28625 0.02499161073825501 0.024991610738255066
08 0.620625 0.385625 0.04120689655172416 0.023706896551724088
12 0.5787500000000001 0.569375 0.03249444444444449 0.03124444444444452
01 0.188125 0.7237499999999999 0.013738095238095244 0.012488095238095132
15 0.80125 0.20124999999999998 0.02499297752808982 0.029992977528089854
07 0.586248774509804 0.6875 0.01999754901960782 0.03749509803921569
13 0.543125 0.23875000000000002 0.016206896551724137 0.04745689655172414
04 0.436875 0.56375 0.018728448275862064 0.019978448275862037
07 0.318125 0.7718750000000001 0.011136363636363611 0.036136363636363744
00 0.7693749999999999 0.701875 0.021235795454545348 0.013735795454545285
18 0.13125 0.05500000000000001 0.01496951219512195 0.017469512195121946
06 0.8562544642857144 0.55 0.06499107142857141 0.03498214285714285
07 0.053750000000000006 0.398125 0.0799875 0.02873749999999997
