01 0.85 0.139375 0.027483552631578867 0.02873355263157895
00 0.2375 0.11124999999999999 0.029991610738255042 0.02249161073825505
15 0.8518749999999999 0.76625 0.02120689655172414 0.014956896551724164
04 0.49250000000000005 0.2175 0.027494444444444543 0.019994444444444426
02 0.475625 0.975625 0.021238095238095278 0.02623809523809506
12 0.691875 0.9624999999999999 0.04124297752808981 0.04249297752808989
15 0.08374999999999999 0.1825 0.0324950980392157 0.022495098039215677
00 0.77125 0.060625 0.02745689655172412 0.028706896551724148
12 0.53125 0.60625 0.03247844827586199 0.032478448275862104
01 0.68375 0.45687500000000003 0.012386363636363695 0.011136363636363555
