03 0.25875 0.45875 0.042483552631578964 0.08998355263157887
03 0.629375 0.24375000000000002 0.02374161073825498 0.02749161073825504
08 0.7075 0.8375 0.02745689655172412 0.04745689655172414
13 0.14 0.403125 0.07999444444444445 0.16624444444444453
00 0.6993750000000001 0.66875 0.031238095238095176 0.03248809523809515
03 0.60375 0.08 0.0624929775280898 0.057492977528089885
07 0.06812499999999999 0.566875 0.12124509803921568 0.06124509803921563
10 0.125 0.72 0.032456896551724124 0.029956896551724177
14 0.74875 0.12187500000000001 0.06997844827586219 0.02122844827586208
12 0.298125 0.635 0.04613636363636364 0.04988636363636367
09 0.12125 0.646875 0.03248579545454548 0.041235795454545476
12 0.454375 0.4825 0.06621951219512195 0.05996951219512192
