01 0.6893750000000001 0.32125 0.061233552631578925 0.039983552631578934
12 0.7418750000000001 0.37812500000000004 0.15624161073825482 0.11624161073825506
16 0.42000000000000004 0.1225 0.11245689655172414 0.07495689655172412
12 0.350625 0.7425 0.10624444444444447 0.06499444444444435
08 0.8956249999999999 0.819375 0.10623809523809513 0.08123809523809511
04 0.489375 0.29 0.0762429775280899 0.05499297752808985
14 0.7731250000000001 0.534375 0.1462450980392157 0.038745098039215775
18 0.611875 0.231875 0.05120689655172417 0.053706896551724115
03 0.8787499999999999 0.185 0.10997844827586223 0.03497844827586205
09 0.8743465909090908 0.22375 0.08869318181818187 0.039886363636363664
