00 0.825 0.31375 0.03248355263157887 0.03498355263157893
13 0.40249999999999997 0.1725 0.029991610738255015 0.04749161073825506
06 0.74125 0.175625 0.10245689655172419 0.023706896551724144
14 0.6912499999999999 0.548125 0.019994444444444315 0.04624444444444453
03 0.208125 0.88625 0.018738095238095276 0.02998809523809509
03 0.305 0.226875 0.03749297752808989 0.03624297752808986
12 0.48250000000000004 0.389375 0.029995098039215684 0.031245098039215657
19 0.374375 0.756875 0.028706896551724148 0.026206896551724146
17 0.978125 0.735 0.03122844827586224 0.032478448275862215
18 0.556875 0.860625 0.018636363636363562 0.02113636363636373
