08 0.1875 0.145625 0.03998355263157899 0.018733552631578942
14 0.624375 0.15812500000000002 0.018741610738254977 0.05874161073825504
08 0.463125 0.79125 0.016206896551724137 0.049956896551724084
02 0.040624999999999994 0.491875 0.03624444444444444 0.033744444444444466
01 0.7375 0.25187499999999996 0.014988095238095078 0.013738095238095271
14 0.07875 0.071875 0.02999297752808988 0.031242977528089896
14 0.440625 0.47750000000000004 0.04374509803921567 0.029995098039215684
17 0.8656250000000001 0.819375 0.03120689655172415 0.0337068965517241
10 0.22249999999999998 0.855625 0.012478448275862059 0.011228448275862224
07 0.09687499999999999 0.029375 0.021136363636363634 0.05113636363636363
