03 0.22875 0.16250000000000003 0.03498355263157896 0.029983552631578952
12 0.815 0.54375 0.0274916107382549 0.05749161073825504
08 0.37375 0.704375 0.02995689655172412 0.04120689655172416
06 0.8856250000000001 0.076875 0.09124444444444435 0.04124444444444446
14 0.3075 0.35750000000000004 0.029988095238095314 0.03498809523809526
12 0.77125 0.71625 0.06999297752808986 0.0524929775280899
06 0.395625 0.08125 0.0762450980392157 0.06249509803921569
03 0.321875 0.095 0.03870689655172416 0.02245689655172413
20 0.116875 0.509375 0.031228448275862075 0.026228448275862126
04 0.043125 0.9525 0.02613636363636363 0.02738636363636382
09 0.031875 0.735625 0.04623579545454545 0.031235795454545356
