08 0.82875 0.656875 0.027483552631578867 0.026233552631578894
00 0.715625 0.1 0.02374161073825498 0.014991610738255043
18 0.658125 0.803125 0.016206896551724137 0.018706896551724084
07 0.22 0.5825 0.027494444444444432 0.06999444444444447
06 0.9006279761904763 0.9368749999999999 0.018744047619047577 0.06373809523809515
06 0.659375 0.835 0.06124297752808994 0.007492977528089861
04 0.8043750000000001 0.520625 0.018745098039215757 0.018745098039215646
16 0.89625 0.17875 0.02745689655172412 0.03745689655172413
01 0.12187499999999998 0.93625 0.026228448275862057 0.022478448275862206
03 0.850625 0.030625 0.028636363636363682 0.021136363636363634
09 0.43437499999999996 0.833125 0.013735795454545452 0.03873579545454531
