13 0.6725000000000001 0.785625 0.05248355263157889 0.033733552631578956
04 0.23249999999999998 0.311875 0.029991610738255042 0.021241610738255035
11 0.678125 0.921875 0.018706896551724084 0.02120689655172403
03 0.316875 0.17375 0.026244444444444515 0.022494444444444428
09 0.243125 0.78625 0.018738095238095276 0.024988095238095198
18 0.83875 0.42 0.019992977528089817 0.022492977528089875
08 0.604375 0.043750000000000004 0.05124509803921562 0.017495098039215687
08 0.6331249999999999 0.8200000000000001 0.03870689655172421 0.019956896551724168
14 0.871875 0.618125 0.021228448275862122 0.03122844827586213
04 0.55125 0.1475 0.029886363636363544 0.027386363636363598
