10 0.534375 0.37 0.02123355263157889 0.019983552631578916
04 0.64625 0.18 0.027491610738255012 0.029991610738255042
18 0.28375 0.47125 0.019956896551724168 0.022456896551724115
10 0.891875 0.40249999999999997 0.013744444444444337 0.01249444444444453
15 0.65 0.349375 0.009988095238095074 0.02373809523809528
16 0.659375 0.10999999999999999 0.023742977528089848 0.039992977528089876
07 0.4225 0.588125 0.022495098039215677 0.02624509803921571
14 0.30376077586206895 0.8125 0.03497844827586205 0.02745689655172412
06 0.5118750000000001 0.740625 0.01372844827586206 0.02372844827586218
20 0.7 0.14687499999999998 0.009886363636363749 0.011136363636363639
