13 0.63375 0.44125000000000003 0.037483552631578876 0.042483552631578936
18 0.88125 0.6856249999999999 0.01999161073825495 0.02374161073825498
09 0.6156250000000001 0.58125 0.03120689655172415 0.02495689655172406
07 0.176875 0.379375 0.04374444444444445 0.02124444444444451
03 0.659375 0.9075 0.01623809523809505 0.02248809523809514
15 0.7737499999999999 0.310625 0.02499297752808982 0.03874297752808986
12 0.15187499999999998 0.954375 0.03874509803921569 0.05374509803921568
01 0.469375 0.799375 0.03370689655172415 0.0337068965517241
11 0.8712500000000001 0.23125 0.02747844827586221 0.032478448275862076
11 0.719375 0.45875 0.028636363636363793 0.022386363636363593
01 0.333125 0.2925 0.01123579545454545 0.012485795454545479
04 0.065625 0.134375 0.03121951219512195 0.02371951219512196
06 0.043129464285714285 0.68875 0.018741071428571426 0.05998214285714287
