10 0.493125 0.67875 0.02123355263157889 0.022483552631578863
15 0.4075 0.540625 0.012491610738255055 0.02624161073825504
15 0.7150000000000001 0.179375 0.029956896551724177 0.043706896551724134
04 0.0975 0.4475 0.024994444444444458 0.014994444444444532
10 0.8831249999999999 0.406875 0.01623809523809505 0.016238095238095274
13 0.33499999999999996 0.67125 0.03749297752808983 0.03749297752808989
10 0.76875 0.948125 0.042495098039215695 0.02624509803921571
02 0.466875 0.429375 0.06370689655172412 0.023706896551724088
08 0.195 0.593125 0.012478448275862059 0.016228448275862117
00 0.844375 0.7125 0.023636363636363678 0.022386363636363704
12 0.35750000000000004 0.020625 0.027485795454545492 0.031235795454545457
04 0.631875 0.635 0.026219512195121975 0.02746951219512206
03 0.035625000000000004 0.46187500000000004 0.033732142857142856 0.038732142857142826
