15 0.553125 0.7193750000000001 0.023733552631578947 0.02123355263157889
11 0.23625000000000002 0.12 0.03749161073825505 0.03249161073825506
20 0.88375 0.443125 0.02495689655172406 0.023706896551724144
06 0.25375 0.45437361111111113 0.09749444444444441 0.04624722222222222
11 0.843125 0.375 0.03623809523809518 0.029988095238095314
03 0.8656250000000001 0.5800000000000001 0.03374297752808986 0.04499297752808984
05 0.886875 0.419375 0.018745098039215646 0.04374509803921567
11 0.245 0.25125 0.032456896551724124 0.04745689655172411
13 0.48375 0.70625 0.057478448275862126 0.032478448275862215
12 0.738125 0.57125 0.07363636363636372 0.07988636363636359
10 0.6443749999999999 0.754375 0.033735795454545414 0.026235795454545352
06 0.77625 0.7918750000000001 0.007469512195122041 0.03621951219512198
20 0.27625 0.266875 0.017482142857142835 0.01623214285714286
