17 0.15250000000000002 0.8200000000000001 0.04748355263157897 0.03498355263157882
09 0.9693750000000001 0.685625 0.038741610738254884 0.04374161073825489
15 0.8225 0.7375 0.02745689655172412 0.06745689655172404
07 0.5437513888888889 0.536875 0.03999722222222224 0.03874444444444447
03 0.20375 0.65625 0.02248809523809528 0.017488095238095136
04 0.396875 0.284375 0.03374297752808986 0.023742977528089848
14 0.226875 0.754375 0.06124509803921571 0.03624509803921572
13 0.5375 0.67125 0.049956896551724084 0.12995689655172415
03 0.46375 0.9650000000000001 0.04247844827586206 0.039978448275862166
06 0.8475 0.4825 0.012386363636363695 0.10488636363636361
