13 0.7112499999999999 0.10125 0.047483552631578996 0.09248355263157895
07 0.28125 0.23937290268456374 0.06249161073825504 0.033745805369127496
14 0.667510775862069 0.051875 0.04747844827586212 0.03370689655172414
18 0.0175 0.264375 0.024994444444444444 0.02624444444444446
04 0.258125 0.785625 0.04623809523809527 0.03873809523809513
01 0.16999999999999998 0.0325 0.032492977528089884 0.02249297752808989
14 0.389375 0.4225 0.033745098039215715 0.03999509803921569
18 0.044375000000000005 0.07375 0.02120689655172414 0.024956896551724145
02 0.49812500000000004 0.065 0.07372844827586206 0.03997844827586206
20 0.14750000000000002 0.02625 0.037386363636363634 0.029886363636363635
04 0.406875 0.135625 0.028735795454545465 0.03623579545454547
