10 0.506875 0.6212500000000001 0.03623355263157885 0.022483552631578863
13 0.044375 0.588125 0.05874161073825503 0.0962416107382551
07 0.260625 0.495 0.07870689655172414 0.062456896551724095
09 0.4425 0.08125 0.08749444444444454 0.039994444444444444
06 0.0975 0.24625 0.09498809523809523 0.014988095238095245
05 0.884375 0.806875 0.061242977528089826 0.04874297752808987
13 0.818125 0.2675 0.06374509803921569 0.0849950980392157
15 0.13375 0.8400000000000001 0.08495689655172413 0.019956896551724168
12 0.06375 0.5231250000000001 0.05997844827586207 0.0612284482758621
09 0.50375 0.4425 0.027386363636363653 0.06488636363636358
14 0.16749999999999998 0.275625 0.03248579545454547 0.04873579545454548
10 0.71625 0.419375 0.03746951219512196 0.04121951219512199
16 0.3075 0.590625 0.07498214285714283 0.07123214285714285
