19 0.5306249999999999 0.035 0.04123355263157891 0.017483552631578955
08 0.505625 0.815625 0.048741610738255 0.028741610738254875
06 0.865 0.25375000000000003 0.09995689655172413 0.02995689655172412
10 0.46625 0.24812499999999998 0.027494444444444488 0.028744444444444434
12 0.806875 0.398125 0.048738095238095136 0.04373809523809524
12 0.370625 0.24125 0.031242977528089855 0.03749297752808983
06 0.3700012254901961 0.19562377450980392 0.08249754901960787 0.04374754901960787
08 0.538125 0.753125 0.043706896551724106 0.03120689655172415
03 0.11875 0.15375 0.03747844827586205 0.024978448275862042
19 0.036250000000000004 0.31562499999999993 0.027386363636363632 0.04363636363636364
08 0.8187500000000001 0.734375 0.054985795454545294 0.016235795454545343
01 0.286875 0.278125 0.028719512195121977 0.026219512195121975
14 0.849375 0.64375 0.02873214285714276 0.039982142857142855
08 0.754375 0.458125 0.013737499999999958 0.026237500000000025
