07 0.89375 0.39249999999999996 0.03498355263157882 0.017483552631578914
06 0.266875 0.11125 0.008741610738255023 0.029991610738255042
04 0.9325 0.8362499999999999 0.024956896551724173 0.022456896551724115
12 0.944375 0.42125 0.026244444444444404 0.02999444444444449
02 0.98875 0.415625 0.019988095238095083 0.03373809523809529
14 0.731875 0.12625 0.023742977528089848 0.014992977528089882
01 0.899375 0.8968750000000001 0.02624509803921571 0.02374509803921565
14 0.255 0.05875 0.0399568965517241 0.024956896551724145
20 0.5762499999999999 0.061875 0.00997844827586214 0.008728448275862062
09 0.18937500000000002 0.099375 0.031136363636363656 0.038636363636363635
18 0.5025 0.1225 0.01498579545454548 0.01748579545454547
10 0.82375 0.916875 0.01746951219512205 0.013719512195121908
