09 0.24937499999999999 0.08124999999999999 0.02623355263157895 0.03998355263157895
12 0.665 0.475 0.034991610738254963 0.04999161073825503
13 0.490625 0.47875 0.08870689655172409 0.057456896551724146
15 0.46687500000000004 0.07375000000000001 0.018744444444444508 0.027494444444444446
08 0.229375 0.4831220238095238 0.02373809523809528 0.02624404761904764
06 0.835 0.09937499999999999 0.05999297752808985 0.07374297752808988
16 0.33625000000000005 0.30125 0.0449950980392157 0.03749509803921569
14 0.41251077586206897 0.605 0.024978448275862042 0.03745689655172413
02 0.546875 0.7649999999999999 0.03122844827586202 0.03747844827586222
01 0.881875 0.665 0.01363636363636378 0.012386363636363806
03 0.3125 0.256875 0.0974857954545455 0.05373579545454546
15 0.5425 0.82875 0.019969512195121997 0.01746951219512205
03 0.283125 0.316875 0.07123214285714285 0.01873214285714281
