07 0.75375 0.34375 0.0674835526315789 0.039983552631578934
18 0.8674999999999999 0.42375 0.0274916107382549 0.02999161073825507
17 0.928125 0.51 0.05620689655172417 0.0549568965517242
01 0.8943749999999999 0.944375 0.041244444444444306 0.02874444444444435
02 0.34875 0.83125 0.04248809523809527 0.03998809523809521
01 0.61625 0.226875 0.022492977528089875 0.018742977528089844
08 0.09375 0.17562499999999998 0.0174950980392157 0.031245098039215685
20 0.049375 0.67875 0.031206896551724143 0.022456896551724115
10 0.230625 0.73875 0.028728448275862073 0.01997844827586226
04 0.495625 0.5193749999999999 0.046136363636363587 0.03113636363636363
16 0.12 0.443125 0.06498579545454547 0.0712357954545455
