18 0.22875 0.294375 0.014983552631578967 0.016233552631578996
07 0.289375 0.625625 0.03624161073825505 0.01624161073825503
10 0.980625 0.938125 0.018706896551724084 0.018706896551724084
20 0.10250000000000001 0.7975 0.01249444444444446 0.012494444444444364
04 0.65625 0.5149999999999999 0.024988095238095198 0.027488095238095256
10 0.43625 0.33375 0.019992977528089872 0.01749297752808987
14 0.348125 0.5675 0.031245098039215657 0.0624950980392156
09 0.349375 0.43125 0.026206896551724146 0.024956896551724117
18 0.81 0.6225 0.0174784482758622 0.01997844827586215
03 0.28690340909090906 0.57375 0.0161931818181818 0.019886363636363535
03 0.175 0.5125 0.017485795454545455 0.027485795454545436
14 0.069375 0.47750000000000004 0.02371951219512195 0.022469512195122
20 0.7662500000000001 0.6775 0.029982142857142846 0.022482142857142895
13 0.140625 0.91125 0.0637375 0.07748749999999993
