01 0.89125 0.850625 0.037483552631578876 0.023733552631578836
06 0.92 0.3175 0.12749161073825488 0.11499161073825503
19 0.8187500000000001 0.7887500000000001 0.05245689655172414 0.032456896551724124
12 0.150625 0.16249999999999998 0.04874444444444445 0.05249444444444443
04 0.215 0.295 0.04498809523809527 0.03248809523809526
20 0.0475 0.30625 0.034992977528089886 0.03249297752808983
08 0.08687500000000001 0.23875000000000002 0.0337450980392157 0.049995098039215674
08 0.403125 0.735 0.03120689655172415 0.06745689655172415
00 0.7518750000000001 0.79625 0.036228448275862246 0.024978448275862153
19 0.45625000000000004 0.1775 0.01988636363636359 0.04238636363636364
