14 0.22 0.8943749999999999 0.02998355263157898 0.02873355263157895
08 0.199375 0.49312500000000004 0.021241610738255035 0.03874161073825505
20 0.47125 0.073125 0.01745689655172411 0.016206896551724137
10 0.479375 0.71625 0.02874444444444446 0.02249444444444426
03 0.881875 0.133125 0.1137380952380952 0.06873809523809524
19 0.3925 0.729375 0.04499297752808984 0.036242977528089915
14 0.384375 0.66625 0.02124509803921565 0.027495098039215682
15 0.556875 0.4625 0.028706896551724093 0.02745689655172412
20 0.7875000000000001 0.8981250000000001 0.0174784482758622 0.018728448275862175
13 0.6325000000000001 0.55875 0.0848863636363637 0.037386363636363606
