02 0.9181250000000001 0.598125 0.03873355263157896 0.03873355263157885
00 0.43875 0.64375 0.03249161073825507 0.022491610738255008
03 0.65625 0.135 0.01745689655172411 0.014956896551724136
15 0.6581250000000001 0.6487499999999999 0.01874444444444434 0.039994444444444444
12 0.529375 0.39749999999999996 0.041238095238095296 0.049988095238095276
03 0.610625 0.4975 0.026242977528089906 0.04499297752808984
03 0.19874999999999998 0.0775 0.0174950980392157 0.027495098039215682
08 0.09125 0.861875 0.02245689655172413 0.04120689655172416
14 0.330625 0.2825 0.02372844827586207 0.03997844827586211
16 0.15500000000000003 0.28500000000000003 0.037386363636363634 0.03238636363636366
