01 0.494375 0.7475 0.021233552631578834 0.019983552631578916
20 0.44062500000000004 0.4125 0.02874161073825504 0.027491610738255068
11 0.259375 0.03375 0.031206896551724095 0.03245689655172414
13 0.364375 0.636875 0.053744444444444484 0.11124444444444448
20 0.935 0.424375 0.012488095238095132 0.016238095238095274
13 0.17687324438202245 0.8225 0.06874648876404493 0.057492977528089906
07 0.255625 0.59125 0.0162450980392157 0.0574950980392156
07 0.821875 0.60375 0.08120689655172408 0.05245689655172414
00 0.654375 0.36875 0.03872844827586208 0.027478448275862044
02 0.13125 0.459375 0.04988636363636363 0.021136363636363564
10 0.655 0.54625 0.03248579545454533 0.03248579545454544
04 0.81625 0.673125 0.039969512195122014 0.033719512195121926
00 0.68875 0.810625 0.039982142857142855 0.036232142857142824
