04 0.13 0.89625 0.022483552631578932 0.019983552631578916
01 0.34875 0.8668750000000001 0.017491610738255003 0.018741610738254866
00 0.806875 0.34562499999999996 0.016206896551724137 0.013706896551724135
11 0.27437500000000004 0.6437499999999999 0.02624444444444446 0.019994444444444426
15 0.8043750000000001 0.6012500000000001 0.01623809523809505 0.037488095238095265
11 0.9425 0.5687500000000001 0.029992977528089826 0.02499297752808982
17 0.221875 0.22312500000000002 0.02374509803921568 0.028745098039215683
08 0.12187499999999998 0.605625 0.013706896551724121 0.018706896551724084
04 0.430625 0.40937500000000004 0.02372844827586207 0.021228448275862066
11 0.4125 0.791875 0.0323863636363636 0.02113636363636373
04 0.441875 0.065 0.026235795454545463 0.019985795454545457
01 0.860625 0.039999999999999994 0.016219512195121966 0.017469512195121946
15 0.38625 0.41625 0.014982142857142833 0.0374821428571428
