13 0.809375 0.67125 0.14873355263157884 0.24248355263157895
02 0.55 0.641875 0.1299916107382551 0.101241610738255
20 0.08625 0.165 0.044956896551724135 0.032456896551724124
17 0.5606249999999999 0.20375 0.06624444444444444 0.07999444444444445
15 0.09187500000000001 0.73125 0.07123809523809524 0.0924880952380952
15 0.271875 0.3075 0.06124297752808988 0.039992977528089835
03 0.10250000000000001 0.19375 0.0499950980392157 0.08999509803921568
15 0.271875 0.8518749999999999 0.04370689655172416 0.08870689655172403
15 0.063125 0.296875 0.05872844827586207 0.04122844827586203
10 0.4975 0.714375 0.05238636363636362 0.05863636363636371
