11 0.58875 0.9625 0.04498355263157894 0.037483552631578876
04 0.7618750000000001 0.238125 0.046241610738254946 0.043741610738255055
04 0.10437500000000001 0.39625 0.043706896551724134 0.03995689655172413
09 0.66875 0.7124999999999999 0.08249444444444443 0.037494444444444386
15 0.5762499999999999 0.31437499999999996 0.0774880952380953 0.0437380952380953
01 0.16749999999999998 0.17312499999999997 0.052492977528089874 0.033742977528089885
16 0.396875 0.92875 0.04874509803921573 0.07749509803921573
01 0.84125 0.18937500000000002 0.03745689655172413 0.023706896551724116
00 0.145625 0.6025 0.03372844827586208 0.032478448275862104
08 0.6075 0.31499999999999995 0.047386363636363615 0.042386363636363666
08 0.40375 0.476875 0.0399857954545455 0.026235795454545463
20 0.199375 0.5387500000000001 0.028719512195121977 0.029969512195121895
06 0.9006294642857143 0.240625 0.13124107142857144 0.038732142857142826
