01 0.5075000000000001 0.589375 0.027483552631578922 0.01873355263157883
09 0.8162499999999999 0.041874999999999996 0.03749161073825491 0.04624161073825503
06 0.23 0.817489224137931 0.09245689655172412 0.049978448275862064
00 0.585 0.761875 0.04499444444444445 0.04624444444444431
08 0.673125 0.826875 0.023738095238095114 0.04373809523809513
04 0.559375 0.42374999999999996 0.03874297752808986 0.03249297752808983
03 0.037500000000000006 0.05 0.04249509803921569 0.0449950980392157
13 0.395625 0.833125 0.10370689655172416 0.1387068965517242
12 0.78625 0.916875 0.07747844827586214 0.07872844827586212
03 0.5 0.92625 0.01988636363636359 0.02738636363636371
