20 0.6637500000000001 0.206875 0.03748355263157899 0.031233552631578954
15 0.631875 0.32999999999999996 0.021241610738254924 0.04999161073825503
12 0.1175 0.64 0.10745689655172413 0.0699568965517241
19 0.523125 0.72125 0.06874444444444444 0.05249444444444429
03 0.76 0.2225 0.052488095238095056 0.03498809523809526
12 0.9337500000000001 0.37687499999999996 0.06499297752808986 0.05624297752808988
14 0.125 0.21437499999999998 0.02499509803921568 0.041245098039215694
05 0.6312500000000001 0.255625 0.022456896551724115 0.05120689655172414
20 0.4975 0.208125 0.032478448275862104 0.021228448275862066
14 0.51375 0.40249999999999997 0.0298863636363636 0.06988636363636364
12 0.5675 0.303125 0.06248579545454547 0.09873579545454547
