13 0.775625 0.943125 0.01873355263157883 0.07373355263157899
13 0.6087499999999999 0.5425 0.07749161073825495 0.02249161073825512
08 0.42313577586206896 0.11687499999999999 0.04122844827586203 0.026206896551724118
17 0.126875 0.855625 0.03374444444444445 0.023744444444444346
11 0.61375 0.2875 0.037488095238095265 0.024988095238095254
04 0.22625 0.819375 0.029992977528089854 0.028742977528089853
02 0.838125 0.6168750000000001 0.021245098039215704 0.036245098039215606
00 0.6575 0.30125 0.02745689655172412 0.019956896551724113
19 0.9606250000000001 0.531875 0.021228448275862122 0.018728448275862064
18 0.3025 0.321875 0.019886363636363646 0.023636363636363622
02 0.450625 0.565625 0.023735795454545516 0.041235795454545476
07 0.31437499999999996 0.6375 0.028719512195121977 0.03246951219512206
