13 0.614375 0.35875 0.12373355263157881 0.14498355263157897
08 0.04375 0.754375 0.03749161073825503 0.026241610738254928
19 0.69625 0.51875 0.03495689655172407 0.019956896551724168
12 0.59 0.6625 0.05999444444444446 0.04249444444444439
08 0.4825 0.070625 0.047488095238095274 0.02373809523809524
15 0.8362499999999999 0.34125000000000005 0.03749297752808978 0.062492977528089855
05 0.39875000000000005 0.016875 0.03999509803921569 0.031245098039215685
09 0.44437499999999996 0.661875 0.0362068965517241 0.036206896551724155
10 0.374375 0.42874999999999996 0.031228448275862075 0.02247844827586204
01 0.021249999999999998 0.6737500000000001 0.024886363636363634 0.024886363636363762
14 0.7150000000000001 0.51 0.019985795454545374 0.022485795454545432
