03 0.856875 0.126875 0.026233552631579005 0.02123355263157893
03 0.1725 0.62875 0.032491610738255045 0.024991610738255066
15 0.61625 0.94 0.022456896551724115 0.019956896551724168
00 0.97125 0.6543749999999999 0.017494444444444368 0.016244444444444395
20 0.508125 0.88125 0.021238095238095334 0.019988095238095083
10 0.87875 0.6893750000000001 0.019992977528089817 0.0212429775280899
18 0.036250000000000004 0.185 0.012495098039215686 0.01499509803921567
06 0.735625 0.696875 0.0037068965517241814 0.04870689655172411
05 0.5531250000000001 0.8362499999999999 0.02372844827586207 0.014978448275862255
15 0.836875 0.9393750000000001 0.02363636363636379 0.036136363636363744
