20 0.7962499999999999 0.806875 0.04248355263157888 0.04123355263157891
04 0.7381249999999999 0.04875 0.0587416107382549 0.04999161073825503
12 0.9068750000000001 0.5643750000000001 0.07370689655172413 0.08620689655172409
11 0.16125 0.38375 0.05499444444444443 0.0374944444444445
04 0.5193749999999999 0.236875 0.058738095238095256 0.041238095238095296
12 0.48750000000000004 0.5025 0.06999297752808992 0.10999297752808984
04 0.43374999999999997 0.6031249999999999 0.05749509803921565 0.05124509803921573
06 0.474375 0.395625 0.016206896551724137 0.043706896551724106
18 0.8418749999999999 0.966875 0.04122844827586214 0.0437284482758622
20 0.965 0.67875 0.049886363636363784 0.03238636363636371
09 0.09375 0.85375 0.08248579545454546 0.08748579545454538
06 0.155625 0.690625 0.14621951219512197 0.03621951219512198
11 0.703125 0.268125 0.051232142857142726 0.04123214285714283
13 0.568125 0.041875 0.25623750000000006 0.0662375
