01 0.7931250000000001 0.6725 0.02873355263157895 0.02498355263157892
05 0.946875 0.7024999999999999 0.031241610738254932 0.017491610738254892
18 0.47375 0.705 0.014956896551724164 0.01745689655172411
02 0.574375 0.200625 0.018744444444444452 0.026244444444444404
04 0.423125 0.973125 0.02373809523809528 0.023738095238095114
00 0.365625 0.97375 0.018742977528089844 0.019992977528089817
04 0.2025 0.5018750000000001 0.024995098039215707 0.028745098039215766
11 0.835 0.77875 0.032456896551724124 0.019956896551724168
10 0.6525 0.509375 0.022478448275862206 0.018728448275862064
12 0.49312500000000004 0.0925 0.03613636363636363 0.037386363636363634
00 0.131875 0.97375 0.018735795454545456 0.019985795454545263
12 0.9437500000000001 0.510625 0.027469512195121948 0.028719512195121977
02 0.858125 0.885 0.026232142857142815 0.06248214285714282
