14 0.470625 0.365 0.02123355263157889 0.027483552631578867
03 0.8731249999999999 0.865625 0.028741610738254875 0.031241610738254932
12 0.27937500000000004 0.06937499999999999 0.0362068965517241 0.03620689655172414
08 0.89625 0.4375 0.047494444444444284 0.029994444444444546
05 0.56625 0.179375 0.019988095238095305 0.046238095238095245
04 0.1525 0.06937499999999999 0.02749297752808988 0.018742977528089885
01 0.875625 0.1325 0.02624509803921571 0.02249509803921569
01 0.68125 0.5449999999999999 0.024956896551724173 0.022456896551724115
09 0.36624999999999996 0.9237500000000001 0.02247844827586204 0.04497844827586228
04 0.264375 0.44937499999999997 0.031136363636363684 0.02613636363636357
14 0.330625 0.67125 0.051235795454545485 0.02498579545454538
18 0.721875 0.37687499999999996 0.026219512195121975 0.028719512195121977
