04 0.69875 0.784375 0.014983552631578911 0.018733552631578942
06 0.09312709731543624 0.43625 0.04874580536912751 0.029991610738255015
05 0.87375 0.44937499999999997 0.01745689655172411 0.02620689655172409
06 0.6825 0.9256249999999999 0.027494444444444266 0.031244444444444297
03 0.700625 0.21250000000000002 0.023738095238095114 0.019988095238095277
20 0.126875 0.58875 0.011242977528089879 0.012492977528089755
02 0.8943749999999999 0.850625 0.031245098039215713 0.02374509803921565
13 0.37625 0.11375 0.04995689655172414 0.027456896551724147
14 0.805625 0.780625 0.011228448275862224 0.03122844827586224
13 0.016874999999999998 0.5531250000000001 0.008636363636363635 0.033636363636363575
06 0.18 0.9456249999999999 0.007485795454545474 0.0337357954545453
12 0.9525 0.44375 0.04996951219512202 0.04996951219512197
16 0.78625 0.30625 0.02748214285714279 0.017482142857142835
