13 0.6525 0.23875000000000002 0.09998355263157888 0.09748355263157896
06 0.16749999999999998 0.16249999999999998 0.01749161073825503 0.03749161073825505
10 0.971875 0.8875 0.0337068965517241 0.022456896551724115
10 0.35875 0.66875 0.02999444444444449 0.02499444444444443
01 0.10500000000000001 0.585 0.02498809523809524 0.02248809523809525
06 0.5762499999999999 0.049375 0.07749297752808981 0.018742977528089892
03 0.475 0.181875 0.019995098039215675 0.0462450980392157
06 0.20375 0.4875 0.017456896551724138 0.13495689655172416
06 0.114375 0.6699999999999999 0.09872844827586208 0.0174784482758622
02 0.485625 0.33684659090909086 0.021136363636363564 0.0161931818181818
03 0.888125 0.50125 0.021235795454545348 0.04248579545454545
