07 0.18625000000000003 0.87 0.054983552631578975 0.02498355263157892
00 0.57375 0.326875 0.042491610738255026 0.041241610738255
14 0.048125 0.7825 0.05870689655172415 0.04245689655172413
09 0.801875 0.04375 0.07874444444444428 0.042494444444444446
04 0.506875 0.24062499999999998 0.03623809523809529 0.026238095238095255
03 0.95375 0.40875 0.01749297752808987 0.01749297752808987
18 0.7375 0.21687499999999998 0.027495098039215682 0.031245098039215685
00 0.84875 0.2825 0.03745689655172413 0.03995689655172413
18 0.504375 0.35562499999999997 0.026228448275862126 0.028728448275862017
00 0.150625 0.5449999999999999 0.04363636363636364 0.029886363636363655
