01 0.7437499999999999 0.905 0.019983552631578916 0.022483552631578863
12 0.671875 0.23625000000000002 0.031241610738254932 0.03749161073825505
18 0.31875 0.7250000000000001 0.019956896551724113 0.022456896551724115
00 0.9256249999999999 0.725625 0.03624444444444441 0.03624444444444441
14 0.06687499999999999 0.31125 0.018738095238095234 0.04248809523809527
13 0.48312499999999997 0.30062500000000003 0.04624297752808981 0.05624297752808988
04 0.201875 0.053125000000000006 0.033745098039215715 0.03374509803921569
04 0.431875 0.19625 0.036206896551724155 0.02995689655172412
20 0.8325 0.973125 0.022478448275862206 0.021228448275862233
05 0.091875 0.548125 0.028636363636363626 0.033636363636363575
00 0.39 0.400625 0.037485795454545445 0.03373579545454547
06 0.07874999999999999 0.5124923780487805 0.07496951219512193 0.06498475609756105
00 0.5075000000000001 0.3825 0.03748214285714285 0.02498214285714284
10 0.931875 0.943125 0.023737499999999967 0.02123750000000002
