10 0.42125 0.15625 0.027483552631578922 0.022483552631578946
04 0.215625 0.028125 0.03624161073825505 0.038741610738255036
06 0.7312392241379311 0.724375 0.022478448275862095 0.0862068965517242
20 0.615625 0.47625 0.026244444444444515 0.01749444444444448
09 0.48062499999999997 0.38375 0.06123809523809526 0.05248809523809528
05 0.589375 0.771875 0.043742977528089866 0.03874297752808986
17 0.22062500000000002 0.581875 0.03374509803921569 0.046245098039215726
20 0.5449999999999999 0.9750000000000001 0.03495689655172407 0.032456896551724124
05 0.8612500000000001 0.65375 0.029978448275862157 0.04497844827586217
01 0.175 0.825 0.01488636363636367 0.0173863636363637
13 0.53125 0.10812500000000001 0.13748579545454542 0.06373579545454547
08 0.49625 0.9425 0.03496951219512201 0.02746951219512206
