00 0.33187500000000003 0.56375 0.013733552631578883 0.014983552631578911
15 0.565625 0.384375 0.031241610738255043 0.011241610738255081
18 0.62 0.44375 0.014956896551724164 0.017456896551724166
20 0.746875 0.9593750000000001 0.01124444444444428 0.008744444444444333
11 0.16562500000000002 0.9099999999999999 0.023738095238095253 0.014988095238095078
08 0.30374999999999996 0.543125 0.02249297752808982 0.016242977528089897
15 0.704375 0.86625 0.011245098039215695 0.007495098039215664
01 0.796875 0.351875 0.01370689655172419 0.011206896551724133
14 0.16375 0.785625 0.017478448275862063 0.028728448275862184
03 0.87625 0.52 0.019886363636363757 0.012386363636363584
08 0.410625 0.48375 0.016235795454545454 0.01498579545454548
11 0.7875000000000001 0.725 0.024969512195122 0.019969512195121997
