07 0.9568749999999999 0.579375 0.018733552631578942 0.04873355263157886
16 0.36875 0.738125 0.029991610738255015 0.031241610738254932
06 0.9668749999999999 0.4675 0.028706896551724204 0.052456896551724086
15 0.064375 0.6856249999999999 0.021244444444444434 0.02874444444444435
04 0.793125 0.49875 0.01873809523809511 0.019988095238095305
04 0.43125 0.428125 0.019992977528089872 0.01624297752808984
00 0.03 0.7775 0.02499509803921569 0.024995098039215735
04 0.07375 0.96625 0.022456896551724143 0.02745689655172423
13 0.694375 0.230625 0.01622844827586223 0.031228448275862075
05 0.17125 0.14687499999999998 0.012386363636363668 0.0286363636363636
