14 0.255 0.640625 0.027483552631578978 0.043733552631578965
12 0.09062500000000001 0.07625000000000001 0.04624161073825504 0.049991610738255046
01 0.109375 0.025 0.023706896551724116 0.024956896551724138
10 0.06625 0.8075 0.02749444444444444 0.027494444444444266
02 0.299375 0.371875 0.03873809523809524 0.04873809523809525
16 0.21000000000000002 0.868125 0.03999297752808986 0.043742977528089866
10 0.3275 0.17125 0.029995098039215684 0.029995098039215712
10 0.8487499999999999 0.8425 0.04245689655172413 0.022456896551724115
12 0.5225 0.675625 0.04497844827586206 0.04122844827586225
13 0.26 0.735 0.04238636363636364 0.04238636363636372
