12 0.33562499999999995 0.45875 0.07373355263157894 0.04998355263157889
13 0.140625 0.25187499999999996 0.15374161073825504 0.16374161073825505
15 0.20375 0.59625 0.01995689655172414 0.03745689655172413
00 0.16624999999999998 0.895 0.042494444444444446 0.04249444444444439
04 0.81375 0.79375 0.037488095238095154 0.027488095238095145
15 0.9299999999999999 0.765625 0.01749297752808976 0.026242977528089906
03 0.69 0.030625 0.03999509803921575 0.05124509803921569
09 0.24125 0.691875 0.062456896551724095 0.05870689655172412
03 0.528125 0.674375 0.043728448275862086 0.0337284482758623
12 0.490625 0.4975 0.03863636363636358 0.04238636363636361
00 0.18125000000000002 0.968125 0.04248579545454548 0.026235795454545352
09 0.2256173780487805 0.326875 0.041234756097561 0.028719512195121977
