10 0.31875 0.7150000000000001 0.02498355263157892 0.019983552631578916
19 0.198125 0.86875 0.01624161073825503 0.02999161073825496
07 0.701875 0.08499999999999999 0.023706896551724088 0.06995689655172414
14 0.069375 0.6581250000000001 0.031244444444444443 0.026244444444444404
01 0.31625000000000003 0.49124999999999996 0.012488095238095298 0.014988095238095245
10 0.270625 0.5393749999999999 0.01374297752808984 0.011242977528089892
20 0.25125000000000003 0.34125 0.0174950980392157 0.01999509803921573
01 0.69125 0.345 0.024956896551724173 0.019956896551724113
12 0.035 0.700625 0.03997844827586207 0.02372844827586229
09 0.661875 0.32437499999999997 0.016136363636363726 0.026136363636363624
11 0.75125 0.499375 0.02498579545454538 0.0162357954545454
