07 0.8625 0.370625 0.012483552631578854 0.048733552631578914
07 0.321875 0.5037499999999999 0.07374161073825508 0.012491610738254999
01 0.027500000000000004 0.60375 0.01495689655172414 0.009956896551724048
04 0.10875 0.18625 0.029994444444444462 0.027494444444444432
11 0.6187499999999999 0.2375 0.027488095238095256 0.027488095238095256
03 0.7175 0.023125 0.03499297752808983 0.031242977528089886
00 0.67625 0.0625 0.022495098039215677 0.024995098039215687
03 0.4125 0.73125 0.02245689655172417 0.06245689655172415
17 0.7112499999999999 0.321875 0.029978448275862157 0.03372844827586202
11 0.525625 0.78625 0.03863636363636358 0.022386363636363704
02 0.7862499999999999 0.93375 0.02248579545454532 0.04998579545454529
03 0.193125 0.17875000000000002 0.03621951219512198 0.04996951219512194
20 0.42875 0.69 0.02498214285714284 0.019982142857142837
