03 0.11374999999999999 0.74625 0.022483552631578932 0.027483552631578867
10 0.24874999999999997 0.11374999999999999 0.024991610738255038 0.019991610738255047
14 0.6525 0.60875 0.014956896551724164 0.049956896551724084
06 0.260625 0.30625 0.07124444444444444 0.0424944444444445
08 0.281875 0.790625 0.031238095238095287 0.06873809523809515
13 0.6356250000000001 0.7925 0.023742977528089848 0.08499297752808987
11 0.2325 0.558125 0.03499509803921569 0.023745098039215762
06 0.195625 0.39625 0.02870689655172412 0.01745689655172411
19 0.12875 0.06125 0.01997844827586205 0.039978448275862055
00 0.5525 0.034375 0.029886363636363544 0.02363636363636363
18 0.7037500000000001 0.21000000000000002 0.02248579545454532 0.024985795454545462
