06 0.965625 0.09875 0.01123355263157888 0.03248355263157894
20 0.4325 0.90625 0.01999161073825506 0.01999161073825495
08 0.24 0.052500000000000005 0.014956896551724136 0.037456896551724135
01 0.28312499999999996 0.085625 0.0237444444444444 0.023744444444444457
04 0.6131249999999999 0.37625 0.02873809523809523 0.024988095238095254
11 0.694375 0.441875 0.03374297752808986 0.021242977528089846
04 0.5549999999999999 0.600625 0.022495098039215677 0.02374509803921565
03 0.12 0.556875 0.04245689655172413 0.018706896551724084
07 0.042499999999999996 0.479375 0.06997844827586207 0.0562284482758621
04 0.328125 0.395 0.026136363636363624 0.01988636363636359
02 0.349375 0.475625 0.041235795454545476 0.026235795454545463
10 0.14437499999999998 0.213125 0.026219512195121947 0.02121951219512197
11 0.7581249999999999 0.6975 0.026232142857142926 0.029982142857142846
