10 0.353125 0.57125 0.031233552631578898 0.029983552631578925
05 0.6656249999999999 0.398125 0.038741610738254884 0.018741610738255088
13 0.08374999999999999 0.08249999999999999 0.02245689655172413 0.017456896551724138
13 0.345625 0.128125 0.0687444444444445 0.06374444444444446
03 0.956875 0.79375 0.048738095238095136 0.05748809523809506
11 0.8375 0.9568749999999999 0.039992977528089835 0.036242977528089804
09 0.11374999999999999 0.68875 0.044995098039215684 0.0474950980392157
15 0.775625 0.6000000000000001 0.04120689655172405 0.04245689655172413
18 0.5349999999999999 0.89 0.022478448275862095 0.024978448275862153
03 0.9512499999999999 0.64875 0.024886363636363762 0.04238636363636372
00 0.073125 0.10625 0.02623579545454545 0.02248579545454546
14 0.38 0.374375 0.024969512195122 0.03121951219512198
04 0.593125 0.7987500000000001 0.03373214285714288 0.03748214285714291
