06 0.113125 0.759375 0.02873355263157895 0.12123355263157887
14 0.7493749999999999 0.22749999999999998 0.038741610738254884 0.04999161073825506
15 0.859375 0.495625 0.026206896551724146 0.023706896551724144
13 0.6231249999999999 0.5018750000000001 0.1362444444444444 0.08124444444444456
00 0.424375 0.845 0.03623809523809529 0.034988095238095096
01 0.06687499999999999 0.614375 0.018742977528089885 0.02124297752808979
04 0.8612500000000001 0.05125 0.03999509803921575 0.02249509803921569
07 0.504375 0.446875 0.031206896551724095 0.04370689655172416
05 0.7168749999999999 0.87 0.01622844827586223 0.042478448275862224
13 0.2555965909090909 0.578125 0.15619318181818181 0.09863636363636363
10 0.6525 0.854375 0.029985795454545494 0.026235795454545352
07 0.754375 0.579375 0.08121951219512202 0.06371951219512195
15 0.138125 0.9425 0.018732142857142864 0.012482142857142886
