04 0.368125 0.233125 0.04623355263157891 0.031233552631578954
11 0.09437500000000001 0.428125 0.04624161073825504 0.031241610738255043
05 0.6550107758620689 0.7324999999999999 0.04497844827586206 0.05245689655172414
11 0.32500000000000007 0.6412499999999999 0.052494444444444455 0.047494444444444395
16 0.885 0.87375 0.05748809523809517 0.06998809523809513
13 0.5549999999999999 0.641875 0.15999297752808983 0.0837429775280899
12 0.645625 0.816875 0.056245098039215735 0.05874509803921568
00 0.2725 0.03875000000000001 0.047456896551724165 0.04495689655172414
07 0.446875 0.83125 0.06872844827586205 0.01997844827586215
00 0.7737499999999999 0.836875 0.057386363636363735 0.043636363636363806
04 0.355 0.8131250000000001 0.05248579545454546 0.0337357954545453
00 0.3725 0.610625 0.05246951219512197 0.051219512195122
12 0.948125 0.713125 0.061232142857142735 0.0687321428571428
