12 0.464375 0.4875 0.028733552631578896 0.039983552631578934
04 0.09937499999999999 0.48062499999999997 0.02374161073825505 0.016241610738255086
01 0.1875 0.061875 0.012456896551724106 0.013706896551724142
03 0.9593763888888889 0.145 0.008747222222222129 0.04499444444444445
18 0.674375 0.485 0.011238095238095158 0.012488095238095243
12 0.68375 0.093125 0.019992977528089817 0.023742977528089876
04 0.258125 0.23875000000000002 0.021245098039215704 0.022495098039215705
16 0.494375 0.719375 0.028706896551724093 0.026206896551724146
12 0.6368750000000001 0.056874999999999995 0.026228448275862126 0.05372844827586207
19 0.451875 0.101875 0.018636363636363618 0.021136363636363634
00 0.7525 0.35562499999999997 0.024985795454545268 0.02373579545454546
12 0.765625 0.65125 0.026219512195122086 0.02496951219512189
07 0.84125 0.8887499999999999 0.04748214285714292 0.05248214285714281
01 0.314375 0.9806250000000001 0.016237500000000016 0.013737500000000069
