06 0.35875 0.35875 0.04498355263157888 0.04248355263157888
01 0.348125 0.58125 0.011241610738255081 0.012491610738254999
10 0.56375 0.471875 0.024956896551724173 0.026206896551724146
05 0.66875 0.71375 0.017494444444444368 0.03249444444444438
02 0.9337500000000001 0.370625 0.024988095238095087 0.02373809523809528
01 0.6225 0.74 0.014992977528089813 0.014992977528089924
20 0.695625 0.80375 0.0162450980392157 0.017495098039215673
04 0.159375 0.855 0.023706896551724116 0.019956896551724057
05 0.290625 0.110625 0.02372844827586207 0.021228448275862066
15 0.968125 0.035625000000000004 0.02113636363636373 0.031136363636363636
03 0.86125 0.9650000000000001 0.017485795454545316 0.04248579545454534
