07 0.43375411184210527 0.849375 0.03249177631578948 0.06373355263157898
15 0.02625 0.23062499999999997 0.014991610738255036 0.05624161073825504
06 0.20500000000000002 0.6925 0.17995689655172414 0.019956896551724057
01 0.06312500000000001 0.210625 0.036244444444444454 0.02374444444444443
18 0.17 0.91 0.03498809523809526 0.037488095238095154
08 0.34375 0.14875 0.05999297752808985 0.05249297752808986
18 0.091875 0.731875 0.03624509803921569 0.038745098039215775
12 0.32375 0.5874999999999999 0.08245689655172411 0.0649568965517241
14 0.7875 0.9368749999999999 0.06497844827586219 0.03872844827586219
10 0.7375 0.923125 0.039886363636363664 0.03863636363636369
11 0.43374999999999997 0.5449999999999999 0.052485795454545514 0.047485795454545454
