14 0.483125 0.47625 0.031233552631578954 0.022483552631578863
14 0.828125 0.796875 0.013741610738254861 0.018741610738254977
06 0.09 0.198125 0.014956896551724122 0.016206896551724137
01 0.074375 0.8375 0.011244444444444446 0.012494444444444364
03 0.08875 0.9381250000000001 0.014988095238095231 0.013738095238095105
00 0.86 0.6112500000000001 0.01749297752808987 0.019992977528089928
13 0.906875 0.5125 0.023745098039215762 0.037495098039215635
10 0.7925 0.68625 0.01745689655172411 0.014956896551724164
20 0.983125 0.641875 0.021228448275862233 0.01622844827586223
10 0.225625 0.1775 0.018636363636363673 0.01488636363636367
11 0.631875 0.19874999999999998 0.02123579545454546 0.017485795454545455
18 0.273125 0.408125 0.013719512195122019 0.016219512195121966
06 0.08375446428571429 0.309375 0.04249107142857142 0.0037321428571428505
06 0.530625 0.329375 0.04123750000000004 0.05373750000000005
