11 0.63375 0.33999999999999997 0.04248355263157888 0.024983552631578865
10 0.20750000000000002 0.1225 0.022491610738255036 0.03249161073825506
03 0.384375 0.790625 0.03870689655172416 0.06620689655172418
13 0.1693763888888889 0.47062499999999996 0.05124722222222225 0.04124444444444447
14 0.630625 0.2875 0.013738095238095216 0.03248809523809526
14 0.18625 0.79125 0.014992977528089868 0.029992977528089826
06 0.31875 0.738125 0.11999509803921565 0.05874509803921568
02 0.650625 0.6612499999999999 0.026206896551724146 0.032456896551724124
20 0.4075 0.359375 0.029978448275862102 0.018728448275862064
12 0.768125 0.020625 0.0336363636363638 0.03363636363636364
20 0.911875 0.28875 0.023735795454545405 0.017485795454545427
