07 0.8037458881578947 0.5475 0.05999177631578945 0.04498355263157894
10 0.255 0.6581250000000001 0.022491610738255036 0.013741610738254972
01 0.39875000000000005 0.775625 0.024956896551724117 0.0237068965517242
14 0.7525 0.360625 0.02499444444444443 0.03624444444444447
10 0.684375 0.15812500000000002 0.023738095238095114 0.02123809523809525
14 0.1375 0.48625 0.0374929775280899 0.01749297752808987
12 0.5018750000000001 0.46375 0.05124509803921573 0.0474950980392157
00 0.076875 0.515 0.023706896551724144 0.019956896551724057
18 0.35375 0.88 0.022478448275862095 0.024978448275862153
20 0.109375 0.28875 0.018636363636363645 0.022386363636363704
11 0.5625 0.233125 0.027485795454545547 0.02373579545454546
14 0.424375 0.3875 0.018719512195122023 0.029969512195122006
03 0.103125 0.373125 0.021232142857142866 0.02123214285714281
