12 0.629375 0.341875 0.023733552631578947 0.026233552631578894
14 0.651875 0.829375 0.031241610738254932 0.038741610738254884
04 0.6637500000000001 0.19375 0.032456896551724124 0.032456896551724124
13 0.43 0.435 0.0424944444444445 0.0424944444444445
11 0.546875 0.7575000000000001 0.03873809523809535 0.027488095238095034
03 0.64625 0.306875 0.03749297752808989 0.023742977528089848
04 0.71625 0.72625 0.03499509803921563 0.027495098039215682
07 0.8868750000000001 0.546239224137931 0.043706896551724106 0.03497844827586205
13 0.6300000000000001 0.795625 0.12247844827586218 0.05872844827586221
14 0.8612500000000001 0.055 0.0648863636363638 0.014886363636363628
09 0.095 0.7275 0.042485795454545464 0.027485795454545325
03 0.38812500000000005 0.28937500000000005 0.03371951219512198 0.018719512195121968
