12 0.635625 0.31125 0.05873355263157887 0.042483552631578936
14 0.7718750000000001 0.41875 0.038741610738254884 0.024991610738255066
20 0.955625 0.484375 0.028706896551724204 0.02120689655172414
20 0.6100000000000001 0.6018749999999999 0.022494444444444484 0.02124444444444451
14 0.7637499999999999 0.190625 0.02248809523809514 0.023738095238095253
03 0.5225 0.21750000000000003 0.04999297752808979 0.02749297752808985
02 0.6625 0.721875 0.02999509803921563 0.02374509803921565
03 0.91 0.07999999999999999 0.014956896551724164 0.02495689655172413
11 0.880625 0.6675 0.026228448275862126 0.01997844827586226
15 0.28874999999999995 0.23249999999999998 0.03238636363636366 0.022386363636363676
11 0.376875 0.29437500000000005 0.031235795454545467 0.03373579545454547
02 0.03125 0.659375 0.03746951219512195 0.018719512195121912
