15 0.015625 0.149375 0.013733552631578947 0.011233552631578936
05 0.05875 0.48375 0.027491610738255033 0.024991610738255066
20 0.321875 0.49125 0.028706896551724148 0.019956896551724168
14 0.10999999999999999 0.85 0.01249444444444446 0.03249444444444438
04 0.44125000000000003 0.231875 0.029988095238095258 0.02373809523809528
12 0.79375 0.8512500000000001 0.032492977528089884 0.03499297752808983
09 0.978125 0.63375 0.018745098039215646 0.024995098039215624
03 0.29625 0.6156250000000001 0.019956896551724113 0.053706896551724115
11 0.463125 0.5037499999999999 0.021228448275862066 0.024978448275862042
08 0.44437499999999996 0.03625 0.021136363636363564 0.037386363636363634
04 0.665 0.3725 0.027485795454545325 0.022485795454545432
