13 0.22999999999999998 0.455625 0.07998355263157894 0.05873355263157887
20 0.17125 0.905625 0.019991610738255033 0.018741610738254977
10 0.021249999999999998 0.646875 0.029956896551724135 0.028706896551724093
11 0.056875 0.505 0.026244444444444445 0.01999444444444448
10 0.9668749999999999 0.92625 0.02623809523809506 0.019988095238095083
15 0.513125 0.438125 0.026242977528089795 0.028742977528089853
14 0.834375 0.48687500000000006 0.018745098039215646 0.03874509803921572
16 0.28625 0.0475 0.03995689655172413 0.02745689655172414
03 0.9693750000000001 0.209375 0.01622844827586223 0.018728448275862064
01 0.306875 0.1375 0.021136363636363675 0.02238636363636362
06 0.046875 0.250625 0.04623579545454545 0.02373579545454549
