04 0.135 0.9762500000000001 0.03248355263157894 0.022483552631578863
03 0.7893749999999999 0.226875 0.026241610738254928 0.021241610738255035
15 0.6912499999999999 0.5025000000000001 0.032456896551724124 0.027456896551724175
11 0.25687499999999996 0.8674999999999999 0.028744444444444406 0.029994444444444324
08 0.5825029761904762 0.9274970238095238 0.034994047619047564 0.04749404761904752
12 0.8243750000000001 0.816875 0.04624297752808981 0.043742977528089866
10 0.7300012254901961 0.38375000000000004 0.01999754901960782 0.01749509803921573
07 0.09 0.6681250000000001 0.06745689655172413 0.053706896551724115
11 0.22499999999999998 0.018750000000000003 0.029978448275862074 0.019978448275862072
10 0.788125 0.38749999999999996 0.028636363636363682 0.024886363636363595
18 0.040624999999999994 0.8343750000000001 0.02123579545454545 0.023735795454545294
15 0.7831250000000001 0.05312499999999999 0.018719512195121912 0.031219512195121944
12 0.40125 0.7506250000000001 0.0374821428571428 0.04123214285714283
