06 0.8475041118421053 0.7731250000000001 0.08749177631578942 0.07123355263157893
14 0.161875 0.314375 0.08374161073825506 0.04124161073825505
02 0.145625 0.685 0.04370689655172412 0.049956896551724195
12 0.70875 0.620625 0.06999444444444436 0.11874444444444443
10 0.0875 0.26375 0.03248809523809523 0.03248809523809526
12 0.585 0.25 0.09499297752808988 0.07499297752808987
18 0.09 0.5218750000000001 0.032495098039215686 0.03374509803921566
14 0.433125 0.545625 0.03370689655172415 0.04120689655172416
15 0.895 0.703125 0.0849784482758622 0.038728448275862304
06 0.891875 0.423125 0.018636363636363784 0.13613636363636356
08 0.39937500000000004 0.631875 0.07123579545454545 0.023735795454545405
03 0.90625 0.289375 0.057469512195122086 0.091219512195122
17 0.295 0.38625 0.057482142857142815 0.052482142857142866
06 0.2425 0.1625 0.06998749999999998 0.10748750000000001
