03 0.8575 0.563125 0.047483552631578885 0.02873355263157884
14 0.55875 0.565 0.034991610738255075 0.04499161073825497
13 0.7387607758620689 0.20437499999999997 0.03497844827586205 0.09870689655172413
12 0.21875 0.21125 0.04749444444444445 0.04499444444444442
13 0.7281249999999999 0.10750000000000001 0.05373809523809514 0.17248809523809525
04 0.13625 0.09 0.0349929775280899 0.02249297752808989
12 0.41375 0.7875000000000001 0.08249509803921573 0.06499509803921566
08 0.190625 0.385 0.06870689655172413 0.022456896551724115
13 0.891875 0.48624999999999996 0.07622844827586217 0.12997844827586208
02 0.8275 0.39375 0.0698863636363638 0.06238636363636363
11 0.48187500000000005 0.48250000000000004 0.03373579545454547 0.02998579545454544
14 0.38375000000000004 0.65625 0.04246951219512202 0.06246951219512198
