01 0.981875 0.5925 0.023733552631578836 0.02498355263157892
08 0.245 0.68375 0.022491610738255036 0.05499161073825487
07 0.9550000000000001 0.15375 0.08245689655172417 0.04995689655172414
06 0.62125 0.391875 0.07249444444444442 0.04124444444444447
06 0.2825 0.58125 0.03748809523809532 0.02498809523809531
05 0.614375 0.468125 0.018742977528089844 0.04624297752808987
15 0.2875 0.238125 0.022495098039215733 0.043745098039215724
00 0.17625 0.823125 0.032456896551724124 0.036206896551724155
00 0.41312499999999996 0.845625 0.031228448275862075 0.021228448275862233
06 0.34375 0.7906249999999999 0.00738636363636358 0.06863636363636372
01 0.7106250000000001 0.318125 0.021235795454545348 0.013735795454545452
