05 0.8312541118421053 0.44 0.03749177631578948 0.047483552631578885
04 0.8062499999999999 0.34750000000000003 0.04749161073825492 0.04499161073825503
06 0.78125 0.870625 0.10745689655172419 0.12870689655172418
13 0.18687499999999999 0.653125 0.061244444444444435 0.14874444444444435
15 0.6456249999999999 0.39375000000000004 0.11123809523809525 0.03498809523809526
13 0.215 0.18125 0.04749297752808984 0.07749297752808987
03 0.38249999999999995 0.856875 0.08749509803921568 0.026245098039215597
04 0.808125 0.54375 0.043706896551724106 0.039956896551724186
14 0.748125 0.29625 0.021228448275862233 0.08247844827586204
10 0.353125 0.071875 0.038636363636363635 0.031136363636363643
