12 0.848125 0.459375 0.026233552631578894 0.031233552631578898
03 0.9143749999999999 0.18937500000000002 0.021241610738254812 0.01874161073825506
20 0.69375 0.09625 0.014956896551724164 0.014956896551724136
02 0.74 0.59125 0.009994444444444417 0.039994444444444555
05 0.025625000000000002 0.463125 0.016238095238095236 0.028738095238095285
08 0.8475 0.12875 0.030000000000000027 0.019992977528089886
14 0.93625 0.11125000000000002 0.02999509803921574 0.029995098039215698
03 0.4575 0.54 0.01745689655172411 0.022456896551724115
05 0.413125 0.46625 0.01372844827586206 0.0274784482758621
15 0.5225 0.109375 0.009886363636363638 0.03113636363636363
13 0.236875 0.021875000000000002 0.04373579545454545 0.03123579545454546
