04 0.516875 0.655625 0.016233552631578885 0.013733552631578938
14 0.33187500000000003 0.79375 0.02874161073825504 0.029991610738254848
12 0.45499999999999996 0.073125 0.024956896551724117 0.02870689655172414
04 0.589375 0.41000000000000003 0.018744444444444452 0.014994444444444477
00 0.9299999999999999 0.87875 0.019988095238095194 0.017488095238095136
00 0.73 0.8400000000000001 0.022492977528089875 0.02499297752808982
03 0.906875 0.3425 0.028745098039215655 0.01499509803921567
12 0.650625 0.0475 0.03370689655172421 0.032456896551724145
07 0.015625 0.37375 0.01122844827586207 0.049978448275862064
03 0.5718749999999999 0.32499999999999996 0.023636363636363567 0.01238636363636364
01 0.215625 0.15437499999999998 0.011235795454545477 0.011235795454545477
03 0.34875 0.85625 0.024969512195122 0.03746951219512196
