16 0.469375 0.43 0.05373355263157892 0.0624835526315789
11 0.065 0.325 0.03499161073825504 0.03249161073825502
05 0.09562499999999999 0.656239224137931 0.041206896551724145 0.029978448275862046
18 0.108125 0.725625 0.02624444444444446 0.02874444444444435
13 0.6975 0.7150000000000001 0.05748809523809517 0.04248809523809516
20 0.09375 0.028749999999999998 0.032492977528089884 0.022492977528089885
08 0.291875 0.15 0.028745098039215655 0.029995098039215684
06 0.834375 0.62625 0.07120689655172407 0.0699568965517241
14 0.9512499999999999 0.033125 0.049978448275862175 0.031228448275862068
06 0.71875 0.68875 0.09238636363636377 0.09488636363636371
12 0.395 0.83 0.04498579545454545 0.05748579545454535
04 0.17250000000000001 0.506875 0.03996951219512196 0.026219512195121975
