11 0.11687499999999999 0.476875 0.03623355263157893 0.04623355263157891
07 0.1725 0.443125 0.054991610738255065 0.018741610738255032
20 0.434375 0.343125 0.036206896551724155 0.036206896551724155
05 0.256875 0.385 0.04624444444444445 0.0424944444444445
09 0.9668749999999999 0.836875 0.04623809523809508 0.03623809523809507
01 0.07500000000000001 0.47187500000000004 0.02249297752808989 0.01624297752808984
08 0.5331250000000001 0.458125 0.04124509803921572 0.0837450980392157
14 0.075 0.018125000000000002 0.057456896551724146 0.03120689655172414
20 0.604375 0.22625 0.026228448275862126 0.017478448275862063
14 0.6950000000000001 0.37625 0.04488636363636378 0.042386363636363555
