03 0.690625 0.53 0.02873355263157895 0.02498355263157892
13 0.398125 0.6675 0.056241610738255066 0.09249161073825496
12 0.185 0.106875 0.02995689655172412 0.02370689655172413
03 0.8200000000000001 0.06375 0.017494444444444368 0.034994444444444425
02 0.05375 0.35562499999999997 0.019988095238095235 0.036238095238095236
15 0.20750000000000002 0.809375 0.019992977528089845 0.023742977528089848
07 0.311875 0.40125 0.013745098039215697 0.03999509803921569
18 0.37875000000000003 0.4425 0.014956896551724108 0.01745689655172411
03 0.053125000000000006 0.25875 0.013728448275862067 0.022478448275862067
12 0.236875 0.520625 0.021136363636363675 0.026136363636363624
03 0.09624644886363637 0.943125 0.012492897727272731 0.023735795454545405
17 0.12937500000000002 0.858125 0.023719512195121945 0.026219512195121975
