01 0.49875 0.42125 0.014983552631578911 0.017483552631578914
14 0.22999999999999998 0.931875 0.019991610738255033 0.036241610738254826
03 0.436875 0.21625 0.016206896551724137 0.024956896551724117
19 0.28874999999999995 0.420625 0.022494444444444428 0.031244444444444464
14 0.31375 0.651875 0.017488095238095303 0.01873809523809511
04 0.433125 0.231875 0.018742977528089844 0.023742977528089848
02 0.588125 0.583125 0.011245098039215695 0.021245098039215593
06 0.91875 0.534375 0.00995689655172416 0.053706896551724115
00 0.985625 0.94 0.02372844827586218 0.0174784482758622
02 0.3825 0.705625 0.027386363636363598 0.028636363636363682
14 0.8 0.8475 0.019985795454545374 0.017485795454545316
