01 0.6018749999999999 0.781875 0.02123355263157889 0.01873355263157883
09 0.44875 0.9768749999999999 0.01749161073825506 0.03374161073825499
20 0.6775 0.131875 0.019956896551724057 0.016206896551724123
07 0.371875 0.69875 0.04874444444444448 0.01499444444444431
07 0.321875 0.084375 0.04123809523809524 0.028738095238095243
13 0.109375 0.74875 0.038742977528089875 0.04249297752808989
16 0.8725 0.46625 0.04499509803921564 0.024995098039215735
18 0.38125 0.92625 0.017456896551724166 0.019956896551724057
08 0.781875 0.876875 0.046228448275862144 0.021228448275862233
15 0.49187499999999995 0.033125 0.0036363636363636043 0.03363636363636363
02 0.6893750000000001 0.110625 0.03623579545454525 0.041235795454545476
03 0.484375 0.23812499999999998 0.026219512195121975 0.046219512195121965
14 0.828125 0.885 0.036232142857142824 0.019982142857142837
