19 0.5468708881578948 0.796875 0.013741776315789433 0.021233552631579
13 0.753125 0.55125 0.03124161073825482 0.04499161073825508
07 0.33687500000000004 0.645625 0.02620689655172409 0.0237068965517242
10 0.7150000000000001 0.1925 0.017494444444444368 0.017494444444444424
15 0.6824970238095238 0.675 0.007494047619047595 0.014988095238095078
03 0.528125 0.489375 0.0212429775280899 0.031242977528089855
18 0.011875 0.033125 0.008745098039215686 0.011245098039215685
03 0.925 0.110625 0.012456896551724106 0.04370689655172412
13 0.329375 0.5118750000000001 0.031228448275862075 0.01372844827586206
00 0.3175 0.5931249999999999 0.017386363636363644 0.011136363636363611
11 0.73375 0.974375 0.017485795454545316 0.021235795454545237
07 0.5118750000000001 0.408125 0.023719512195122028 0.026219512195121975
