14 0.086875 0.478125 0.04623355263157894 0.04373355263157891
18 0.985625 0.369375 0.018741610738254866 0.021241610738255035
00 0.785625 0.061875 0.02120689655172414 0.013706896551724142
18 0.10062499999999999 0.610625 0.016244444444444464 0.018744444444444452
17 0.513125 0.11 0.02873809523809523 0.034988095238095235
14 0.123125 0.38125 0.033742977528089885 0.02249297752808982
03 0.45875 0.375 0.03499509803921569 0.03749509803921569
20 0.553125 0.9456249999999999 0.036206896551724155 0.023706896551724088
04 0.505625 0.799375 0.03122844827586202 0.0337284482758623
01 0.5700000000000001 0.6825 0.019886363636363646 0.022386363636363704
14 0.126875 0.42125 0.031235795454545454 0.022485795454545487
