20 0.92875 0.36875 0.022483552631578863 0.014983552631578911
13 0.70875 0.690625 0.06749161073825483 0.0537416107382549
14 0.38187499999999996 0.20875 0.023706896551724144 0.04245689655172413
01 0.91 0.8287500000000001 0.02499444444444432 0.017494444444444368
09 0.26187499999999997 0.796875 0.046238095238095245 0.031238095238095065
18 0.53 0.67625 0.019992977528089817 0.022492977528089875
20 0.60375 0.836875 0.014995098039215726 0.013745098039215642
10 0.671875 0.32375 0.03370689655172421 0.02745689655172412
10 0.9625 0.49874999999999997 0.03497844827586216 0.024978448275862042
15 0.0325 0.9675 0.029886363636363635 0.03738636363636372
03 0.464375 0.9275 0.038735795454545474 0.04248579545454534
