10 0.30000000000000004 0.174375 0.02998355263157898 0.031233552631578954
10 0.036250000000000004 0.34875 0.02249161073825503 0.024991610738255066
06 0.719375 0.586875 0.016206896551724137 0.04120689655172416
09 0.7775000000000001 0.611875 0.037494444444444386 0.0587444444444446
03 0.5706249999999999 0.60375 0.0462380952380953 0.019988095238095305
00 0.589375 0.026250000000000002 0.0312429775280898 0.03249297752808989
09 0.105625 0.611875 0.016245098039215686 0.06374509803921569
08 0.023125 0.514375 0.01120689655172414 0.058706896551724175
01 0.940625 0.59375 0.018728448275862175 0.019978448275862037
06 0.815 0.845 0.039886363636363664 0.10988636363636373
