14 0.87375 0.750625 0.029983552631578925 0.05873355263157887
16 0.0975 0.3275 0.08249161073825505 0.05499161073825504
13 0.77 0.14875 0.24995689655172415 0.07245689655172413
04 0.855 0.47250000000000003 0.05749444444444429 0.052494444444444455
01 0.228125 0.405 0.056238095238095254 0.03998809523809527
12 0.68875 0.2825 0.06499297752808986 0.06749297752808986
02 0.86 0.7375 0.03999509803921564 0.05499509803921565
13 0.106875 0.20124999999999998 0.13370689655172413 0.08995689655172415
03 0.864375 0.514375 0.053728448275862206 0.10372844827586208
03 0.34249999999999997 0.665 0.06738636363636363 0.0898863636363636
