19 0.41125 0.885 0.009983552631578907 0.014983552631578911
07 0.1625 0.46499999999999997 0.04999161073825503 0.014991610738255001
01 0.08625 0.1725 0.03495689655172414 0.022456896551724143
01 0.1375 0.4 0.029994444444444462 0.024994444444444486
18 0.731875 0.62 0.023738095238095114 0.024988095238095198
01 0.065 0.05875 0.017492977528089884 0.014992977528089889
16 0.9574987745098039 0.96625 0.0474975490196079 0.032495098039215686
11 0.14437499999999998 0.68125 0.033706896551724125 0.02745689655172412
15 0.9181250000000001 0.12375 0.03872844827586219 0.02997844827586206
20 0.24375 0.936875 0.017386363636363644 0.013636363636363669
