19 0.975625 0.176875 0.023733552631578836 0.03623355263157896
11 0.11374999999999999 0.258125 0.024991610738255052 0.02874161073825507
03 0.518125 0.323125 0.02120689655172414 0.028706896551724093
02 0.24875000000000003 0.944375 0.05249444444444443 0.051244444444444315
07 0.148125 0.280625 0.03873809523809524 0.06373809523809529
03 0.5774999999999999 0.260625 0.022492977528089875 0.031242977528089882
02 0.535 0.454375 0.07999509803921573 0.04624509803921567
18 0.51875 0.1525 0.019956896551724168 0.022456896551724115
01 0.6543749999999999 0.29000000000000004 0.013728448275862282 0.01247844827586203
12 0.5231250000000001 0.7875 0.028636363636363682 0.03238636363636371
03 0.565625 0.674375 0.016235795454545454 0.031235795454545356
