06 0.943125 0.460625 0.0362335526315789 0.016233552631578885
08 0.673125 0.195 0.026241610738254928 0.07249161073825505
08 0.526875 0.114375 0.053706896551724115 0.018706896551724125
03 0.24937638888888888 0.340625 0.018747222222222193 0.033744444444444466
03 0.6487499999999999 0.55625 0.024988095238095198 0.03998809523809532
07 0.6556267556179776 0.36375 0.0887464887640449 0.024992977528089877
18 0.255625 0.316875 0.021245098039215676 0.023745098039215706
03 0.43562500000000004 0.60375 0.03370689655172415 0.057456896551724146
13 0.024999999999999998 0.46 0.042478448275862064 0.05997844827586207
05 0.38687499999999997 0.649375 0.018636363636363618 0.04613636363636364
08 0.23249999999999998 0.531875 0.02248579545454546 0.041235795454545476
07 0.659375 0.73875 0.011219512195121961 0.04246951219512196
18 0.20500000000000002 0.74875 0.024982142857142814 0.02748214285714279
20 0.139375 0.598125 0.011237500000000011 0.013737499999999958
