09 0.963125 0.049375 0.02873355263157884 0.03623355263157896
01 0.215 0.57375 0.022491610738255063 0.017491610738255003
12 0.306875 0.585 0.046206896551724164 0.049956896551724195
20 0.395 0.673125 0.014994444444444477 0.016244444444444395
19 0.294375 0.09875 0.031238095238095287 0.04748809523809523
09 0.10750000000000001 0.31125 0.02499297752808989 0.03749297752808983
02 0.691875 0.795625 0.04124509803921572 0.02624509803921571
04 0.18125 0.26875000000000004 0.03745689655172413 0.02995689655172412
10 0.5918749999999999 0.4675 0.026228448275862015 0.029978448275862102
02 0.120625 0.5762499999999999 0.05363636363636362 0.02488636363636354
08 0.6331249999999999 0.2925 0.04623579545454537 0.017485795454545483
18 0.79625 0.5687500000000001 0.019969512195121997 0.024969512195122
