00 0.15812500000000002 0.20187500000000003 0.023733552631578947 0.021233552631578972
20 0.44375 0.42562500000000003 0.019991610738255006 0.018741610738255032
10 0.961875 0.881875 0.018706896551724195 0.01370689655172408
20 0.505 0.871875 0.027494444444444488 0.023744444444444346
09 0.046875 0.6018749999999999 0.03873809523809524 0.051238095238095194
04 0.9043749999999999 0.47562499999999996 0.026242977528089795 0.02624297752808985
11 0.28125 0.674375 0.024995098039215735 0.026245098039215597
10 0.51625 0.835625 0.019956896551724057 0.016206896551724137
03 0.07250000000000001 0.24375 0.03747844827586207 0.03747844827586205
07 0.6793750000000001 0.71 0.01363636363636378 0.029886363636363766
