03 0.064375 0.6943708881578947 0.046233552631578946 0.013741776315789433
00 0.8531249999999999 0.63375 0.03624161073825494 0.024991610738254955
10 0.3375 0.328125 0.02745689655172412 0.04870689655172411
15 0.25875000000000004 0.56375 0.01249444444444442 0.039994444444444444
13 0.34687500000000004 0.24562499999999998 0.03373809523809529 0.06373809523809526
01 0.629375 0.36 0.026242977528089906 0.024992977528089877
07 0.6637500000000001 0.14625 0.05499509803921565 0.0724950980392157
03 0.6875 0.29874999999999996 0.014956896551724164 0.034956896551724126
04 0.854375 0.08499999999999999 0.036228448275862135 0.024978448275862056
12 0.283125 0.51125 0.06613636363636366 0.04988636363636356
02 0.6125 0.4325 0.06998579545454542 0.03248579545454544
03 0.3 0.8512500000000001 0.082469512195122 0.027469512195121948
13 0.265625 0.07125000000000001 0.07373214285714283 0.054982142857142854
18 0.6893750000000001 0.701875 0.026237500000000025 0.02873749999999997
