07 0.228125 0.338125 0.043733552631578965 0.016233552631578885
10 0.849375 0.9375 0.021241610738254924 0.017491610738255003
09 0.5387500000000001 0.494375 0.03495689655172407 0.026206896551724146
08 0.24875 0.701875 0.017494444444444424 0.04624444444444431
02 0.6875 0.675 0.024988095238095198 0.034988095238095096
10 0.935 0.721875 0.027492977528089768 0.028742977528089853
10 0.29625 0.7112499999999999 0.02499509803921568 0.01999509803921573
18 0.61125 0.19 0.01745689655172411 0.019956896551724113
03 0.31937499999999996 0.794375 0.031228448275862075 0.021228448275862122
17 0.31625 0.87 0.03488636363636366 0.03488636363636366
