18 0.0725 0.51 0.024983552631578948 0.027483552631578867
09 0.355 0.263125 0.03749161073825508 0.053741610738255036
01 0.446875 0.49 0.013706896551724135 0.014956896551724164
11 0.494375 0.90875 0.036244444444444524 0.029994444444444324
04 0.59625 0.17250000000000001 0.04248809523809527 0.03498809523809526
20 0.628125 0.52875 0.04124297752808992 0.029992977528089937
05 0.041875 0.25625 0.02124509803921569 0.03999509803921569
04 0.895 0.723125 0.03495689655172418 0.03120689655172415
06 0.638125 0.1275 0.026228448275862126 0.01747844827586205
14 0.5031249999999999 0.40875 0.02613636363636357 0.06988636363636358
14 0.969375 0.23625000000000002 0.026235795454545352 0.07748579545454548
