08 0.156875 0.961875 0.011233552631578964 0.0362335526315789
04 0.6556249999999999 0.573125 0.026241610738254928 0.018741610738254977
04 0.870625 0.6168750000000001 0.02120689655172414 0.018706896551724195
18 0.176875 0.22 0.016244444444444422 0.017494444444444424
06 0.825 0.943125 0.044988095238095105 0.06123809523809509
01 0.56 0.59375 0.022492977528089875 0.022492977528089764
10 0.228125 0.981875 0.018745098039215702 0.018745098039215757
13 0.451875 0.73375 0.03870689655172416 0.02745689655172412
03 0.468125 0.218125 0.02622844827586207 0.061228448275862074
09 0.27625 0.619375 0.022386363636363704 0.02113636363636351
03 0.56375 0.688125 0.019985795454545485 0.023735795454545405
18 0.650625 0.48062499999999997 0.011219512195121961 0.013719512195121963
01 0.868125 0.6643749999999999 0.026232142857142815 0.018732142857142864
09 0.365 0.423125 0.01748749999999999 0.02623749999999997
