20 0.485 0.520625 0.017483552631578914 0.01873355263157883
10 0.49375 0.11812500000000001 0.03749161073825508 0.03374161073825506
03 0.04751077586206896 0.311875 0.03497844827586207 0.0387068965517241
04 0.8475 0.944375 0.03499444444444433 0.02874444444444435
01 0.965 0.209375 0.02998809523809509 0.026238095238095283
15 0.393125 0.12437499999999999 0.04124297752808981 0.09874297752808986
08 0.39375 0.776875 0.032495098039215686 0.10874509803921573
20 0.96875 0.28375 0.03745689655172413 0.032456896551724124
20 0.838125 0.571875 0.03872844827586219 0.03122844827586202
20 0.973125 0.745 0.016136363636363726 0.014886363636363642
01 0.620625 0.29374999999999996 0.033735795454545414 0.022485795454545487
