07 0.82375 0.6775 0.1249835526315789 0.08248355263157892
13 0.6512499999999999 0.3475 0.10499161073825503 0.20749161073825503
01 0.959375 0.809375 0.046206896551724164 0.04620689655172405
02 0.9256249999999999 0.37687499999999996 0.09124444444444435 0.038744444444444526
03 0.079375 0.205625 0.06623809523809523 0.038738095238095266
00 0.06937499999999999 0.62375 0.04624297752808988 0.04249297752808989
00 0.285625 0.24312499999999998 0.05624509803921568 0.0512450980392157
10 0.71875 0.6425 0.057456896551724146 0.057456896551724146
08 0.609375 0.756875 0.018728448275862064 0.03872844827586219
06 0.19374999999999998 0.549375 0.009886363636363665 0.04113636363636364
14 0.36687499999999995 0.166875 0.08623579545454546 0.051235795454545485
17 0.093125 0.73 0.05121951219512194 0.05996951219512203
