18 0.86625 0.5825 0.02498355263157892 0.027483552631578867
14 0.14125 0.42874999999999996 0.032491610738255045 0.02499161073825501
09 0.556875 0.60375 0.05120689655172406 0.04245689655172413
01 0.21500000000000002 0.47375 0.049994444444444425 0.0399944444444445
06 0.681875 0.61 0.1187380952380952 0.044988095238095216
15 0.8531249999999999 0.490625 0.023742977528089848 0.06874297752808983
13 0.81 0.16749999999999998 0.014995098039215615 0.1299950980392157
10 0.094375 0.318125 0.02870689655172412 0.03120689655172415
01 0.798125 0.596875 0.03372844827586219 0.028728448275862073
00 0.08375 0.23625000000000002 0.039886363636363636 0.03988636363636369
08 0.630625 0.841875 0.031235795454545356 0.058735795454545325
03 0.765 0.4525 0.07246951219512199 0.04246951219512196
10 0.950625 0.29312499999999997 0.028732142857142873 0.023732142857142813
05 0.250625 0.44375 0.036237500000000006 0.027487500000000054
