01 0.16999999999999998 0.330625 0.012483552631578992 0.008733552631578934
04 0.11937500000000001 0.026874999999999996 0.031241610738255057 0.02124161073825503
11 0.923125 0.901875 0.026206896551724146 0.026206896551724146
20 0.215 0.263125 0.022494444444444428 0.023744444444444457
00 0.41812499999999997 0.09875 0.021238095238095223 0.019988095238095235
04 0.22249999999999998 0.258125 0.029992977528089854 0.021242977528089874
01 0.596875 0.881875 0.028745098039215766 0.02374509803921565
20 0.563125 0.913125 0.01370689655172419 0.01370689655172408
03 0.28125 0.921875 0.03747844827586211 0.008728448275862277
15 0.474375 0.198125 0.016136363636363615 0.03613636363636366
13 0.786875 0.306875 0.048735795454545316 0.051235795454545485
