08 0.87 0.6950000000000001 0.019983552631578805 0.04498355263157883
12 0.075625 0.469375 0.038741610738255036 0.04124161073825505
14 0.796875 0.65875 0.02120689655172403 0.014956896551724053
06 0.785625 0.75125 0.06374444444444438 0.04999444444444434
03 0.33187500000000003 0.714375 0.013738095238095271 0.03373809523809512
04 0.43625 0.103125 0.034992977528089886 0.031242977528089896
01 0.9125000000000001 0.6643749999999999 0.012495098039215669 0.011245098039215695
14 0.48750000000000004 0.545 0.03995689655172413 0.02745689655172412
18 0.190625 0.65 0.021228448275862066 0.022478448275862206
02 0.2944034090909091 0.34624999999999995 0.06619318181818185 0.024886363636363595
19 0.4425 0.504375 0.037485795454545445 0.02123579545454546
09 0.5262423780487805 0.42125 0.04498475609756092 0.03996951219512196
