07 0.806875 0.6775 0.02124999999999999 0.014983552631578911
14 0.47625 0.29125 0.01999161073825506 0.01749161073825506
01 0.93375 0.21250000000000002 0.01745689655172411 0.012456896551724134
14 0.528125 0.680625 0.023744444444444457 0.031244444444444297
03 0.6599999999999999 0.09875 0.014988095238095078 0.017488095238095233
15 0.136875 0.93875 0.026242977528089892 0.03499297752808983
11 0.34375 0.53125 0.022495098039215677 0.02249509803921579
11 0.71625 0.555625 0.02495689655172406 0.016206896551724137
06 0.405625 0.563125 0.02372844827586207 0.011228448275862002
14 0.15125 0.36312500000000003 0.017386363636363644 0.01613636363636356
14 0.235 0.31437499999999996 0.01248579545454545 0.018735795454545456
