15 0.67625 0.749375 0.05998355263157884 0.043733552631578965
02 0.321875 0.09312500000000001 0.06624161073825502 0.04374161073825504
01 0.54875 0.195 0.02745689655172412 0.01995689655172414
12 0.710625 0.26749999999999996 0.043744444444444364 0.08499444444444443
18 0.103125 0.581875 0.03123809523809523 0.033738095238095234
04 0.370625 0.14937499999999998 0.04624297752808987 0.03874297752808989
20 0.253125 0.555625 0.03374509803921566 0.02624509803921571
15 0.6656249999999999 0.40375000000000005 0.043706896551724106 0.034956896551724126
04 0.870625 0.1525 0.0437284482758622 0.03247844827586205
03 0.114375 0.96 0.01613636363636363 0.0648863636363638
09 0.855625 0.606875 0.03623579545454536 0.031235795454545467
