14 0.96875 0.47875 0.029983552631578814 0.019983552631578916
18 0.343125 0.62125 0.023741610738255037 0.024991610738255066
14 0.024375 0.4275 0.026206896551724135 0.022456896551724115
10 0.505625 0.40812499999999996 0.03874444444444447 0.038744444444444526
10 0.231875 0.143125 0.03373809523809529 0.033738095238095234
20 0.493125 0.034375 0.023742977528089848 0.02124297752808989
11 0.5956250000000001 0.38625 0.046245098039215615 0.029995098039215684
00 0.55375 0.374375 0.03495689655172407 0.028706896551724148
15 0.823125 0.14500000000000002 0.07622844827586217 0.032478448275862076
13 0.37625 0.931875 0.07488636363636364 0.036136363636363744
20 0.73125 0.6381249999999999 0.024985795454545268 0.023735795454545405
16 0.68625 0.5449999999999999 0.04996951219512202 0.04496951219512202
03 0.685 0.35062499999999996 0.06248214285714282 0.05373214285714284
