13 0.188125 0.12687500000000002 0.17373355263157894 0.03873355263157893
05 0.354375 0.09312500000000001 0.06874161073825502 0.04624161073825504
06 0.6343749999999999 0.55125 0.11370689655172417 0.12245689655172415
00 0.3825 0.91125 0.05499444444444446 0.047494444444444284
06 0.375 0.5887499999999999 0.06748809523809529 0.13498809523809518
13 0.73875 0.6699999999999999 0.17499297752808984 0.15999297752808983
12 0.811875 0.346875 0.07624509803921575 0.08874509803921571
08 0.784375 0.686875 0.036206896551724044 0.06870689655172413
10 0.55 0.59 0.057478448275862015 0.03747844827586211
15 0.10125 0.98 0.09488636363636363 0.029886363636363766
