03 0.94625 0.6825 0.037483552631578876 0.029983552631578814
07 0.8018749999999999 0.155 0.0587416107382549 0.052491610738255035
06 0.09 0.25687499999999996 0.014956896551724122 0.14370689655172414
10 0.869375 0.51625 0.043744444444444364 0.029994444444444435
08 0.379375 0.84875 0.031238095238095287 0.03498809523809521
10 0.7875 0.565625 0.049992977528089844 0.053742977528089875
10 0.405625 0.0925 0.033745098039215715 0.02499509803921568
04 0.6575 0.250625 0.05245689655172414 0.031206896551724123
18 0.399375 0.454375 0.03372844827586208 0.03622844827586208
13 0.246875 0.629375 0.09363636363636366 0.0486363636363637
14 0.5943750000000001 0.87625 0.06873579545454545 0.054985795454545294
13 0.135 0.37875000000000003 0.14996951219512195 0.03746951219512201
08 0.049375 0.333125 0.07123214285714285 0.04623214285714283
