18 0.855 0.09562499999999999 0.03248355263157887 0.036233552631578944
08 0.888125 0.321875 0.07874161073825492 0.07374161073825508
15 0.2425 0.11374999999999999 0.05995689655172409 0.04495689655172412
00 0.48250000000000004 0.379375 0.05749444444444457 0.03624444444444447
03 0.415625 0.45999999999999996 0.036238095238095236 0.059988095238095285
06 0.291875 0.1475 0.10374297752808984 0.14499297752808987
12 0.91875 0.18625 0.06499509803921566 0.06499509803921572
12 0.1975 0.14625 0.05745689655172412 0.06495689655172412
03 0.5925 0.246875 0.022478448275862095 0.04872844827586209
14 0.26749999999999996 0.48 0.04738636363636367 0.04988636363636356
03 0.828125 0.05625 0.07373579545454523 0.032485795454545455
09 0.6581250000000001 0.264375 0.053719512195122054 0.048719512195121994
16 0.6312500000000001 0.49 0.07248214285714283 0.047482142857142806
17 0.20500000000000002 0.7262500000000001 0.07998750000000002 0.06748750000000003
