01 0.143125 0.630625 0.031233552631578954 0.023733552631578947
01 0.138125 0.33687500000000004 0.023741610738255037 0.018741610738255032
20 0.4475 0.801875 0.01745689655172411 0.018706896551724084
09 0.6875 0.6443749999999999 0.04249444444444439 0.026244444444444404
13 0.276875 0.9293750000000001 0.05123809523809525 0.08373809523809517
07 0.7825 0.46125 0.02499297752808982 0.029992977528089826
20 0.251875 0.9393750000000001 0.028745098039215683 0.031245098039215713
20 0.48875 0.274375 0.02745689655172412 0.02120689655172414
20 0.2425 0.845625 0.03747844827586208 0.03372844827586219
00 0.51875 0.610625 0.029886363636363655 0.03113636363636363
08 0.044375 0.961875 0.05373579545454546 0.023735795454545294
