10 0.10625000000000001 0.9768749999999999 0.03248355263157894 0.031233552631578898
20 0.694375 0.42125 0.021241610738254924 0.01999161073825506
06 0.370625 0.85 0.02120689655172414 0.014956896551724164
06 0.535 0.03875 0.07249444444444447 0.042494444444444446
08 0.471875 0.9524970238095238 0.031238095238095287 0.04749404761904763
06 0.53375 0.20875 0.04499297752808984 0.052492977528089846
06 0.250625 0.509375 0.02874509803921571 0.07624509803921575
01 0.468125 0.146875 0.02120689655172414 0.01870689655172414
13 0.433125 0.185625 0.048728448275862035 0.08122844827586206
09 0.84625 0.10625 0.024886363636363762 0.039886363636363636
04 0.9437500000000001 0.8631249999999999 0.03248579545454533 0.021235795454545348
20 0.9081250000000001 0.6231249999999999 0.016219512195121966 0.016219512195121966
12 0.18375 0.610625 0.03498214285714285 0.03873214285714288
