14 0.254375 0.958125 0.053733552631579 0.04623355263157891
09 0.11562709731543624 0.4475 0.07374580536912752 0.04999161073825503
12 0.9281250000000001 0.371875 0.08370689655172414 0.11620689655172411
12 0.236875 0.355 0.058744444444444405 0.08499444444444443
01 0.47562499999999996 0.66125 0.05373809523809525 0.0399880952380951
01 0.91125 0.91125 0.057492977528089906 0.03499297752808994
13 0.318125 0.59375 0.061245098039215684 0.2674950980392157
03 0.84875 0.270625 0.039956896551724075 0.061206896551724094
09 0.47124999999999995 0.813125 0.052478448275862066 0.06372844827586222
04 0.44375 0.745 0.04988636363636362 0.03738636363636383
13 0.530625 0.46124999999999994 0.04373579545454542 0.15498579545454544
06 0.444375 0.895 0.026219512195121975 0.04996951219512202
