04 0.350625 0.8831249999999999 0.031233552631578898 0.033733552631578845
12 0.49750000000000005 0.545625 0.06999161073825505 0.04624161073825506
16 0.579385775862069 0.504375 0.026228448275862126 0.043706896551724106
03 0.08750000000000001 0.9625 0.022494444444444456 0.02499444444444432
01 0.16999999999999998 0.12875 0.017488095238095275 0.012488095238095243
11 0.43625 0.505625 0.034992977528089886 0.02624297752808985
07 0.44625 0.0675 0.042495098039215695 0.03999509803921569
20 0.441875 0.35375 0.01870689655172414 0.014956896551724164
20 0.5249999999999999 0.039999999999999994 0.022478448275862095 0.01747844827586207
08 0.711875 0.8118749999999999 0.008636363636363775 0.016136363636363726
02 0.04375 0.4125 0.017485795454545455 0.049985795454545456
07 0.2475 0.270625 0.014969512195121992 0.04371951219512196
15 0.125 0.725625 0.017482142857142877 0.03123214285714282
08 0.916875 0.143125 0.061237500000000056 0.023737500000000022
