00 0.035625000000000004 0.880625 0.031233552631578954 0.033733552631578956
09 0.443125 0.493125 0.02624161073825504 0.02374161073825498
03 0.7462500000000001 0.4075 0.022456896551724115 0.04745689655172408
03 0.09937499999999999 0.728125 0.03374444444444445 0.031244444444444408
16 0.5774999999999999 0.11125 0.027488095238095256 0.044988095238095244
11 0.9512499999999999 0.745 0.02499297752808982 0.02749297752808988
07 0.65875 0.848125 0.042495098039215695 0.04874509803921567
14 0.685625 0.598125 0.0387068965517241 0.04120689655172416
13 0.32125000000000004 0.156875 0.07997844827586204 0.05872844827586207
02 0.86625 0.854375 0.057386363636363735 0.033636363636363686
