00 0.354375 0.433125 0.0362335526315789 0.026233552631578894
03 0.9706250000000001 0.56375 0.03624161073825494 0.042491610738255026
15 0.71 0.910625 0.022456896551724115 0.03120689655172415
14 0.10250000000000001 0.203125 0.01249444444444446 0.026244444444444404
05 0.0475 0.7175 0.022488095238095238 0.014988095238095078
06 0.26749999999999996 0.32437499999999997 0.019992977528089872 0.01624297752808984
03 0.32437499999999997 0.828125 0.018745098039215702 0.018745098039215646
06 0.7562500000000001 0.6837500000000001 0.019956896551724168 0.019956896551724168
12 0.9475 0.918125 0.03497844827586216 0.053728448275862206
07 0.8362499999999999 0.115625 0.039886363636363664 0.013636363636363627
18 0.39625 0.66875 0.019985795454545485 0.019985795454545374
17 0.290625 0.18000000000000002 0.03121951219512198 0.04496951219512196
18 0.92875 0.18125 0.019982142857142837 0.02248214285714284
