04 0.318125 0.065 0.03873355263157896 0.03498355263157894
10 0.760625 0.5618749999999999 0.026241610738254817 0.021241610738255035
08 0.153125 0.43062500000000004 0.01620689655172411 0.028706896551724148
15 0.321875 0.36250000000000004 0.023744444444444457 0.08749444444444449
04 0.47625 0.3725 0.03248809523809526 0.029988095238095314
04 0.600625 0.635625 0.03374297752808986 0.028742977528089853
05 0.885 0.489375 0.01999509803921562 0.046245098039215726
03 0.09312499999999999 0.4225 0.061206896551724135 0.054956896551724144
09 0.566875 0.3225 0.02372844827586207 0.04747844827586206
01 0.193125 0.760625 0.021136363636363675 0.013636363636363669
09 0.21749644886363637 0.8899999999999999 0.04749289772727272 0.03248579545454533
13 0.135 0.713125 0.05996951219512196 0.09121951219512203
