10 0.305625 0.06937499999999999 0.03873355263157896 0.04123355263157895
01 0.546875 0.503125 0.04124161073825494 0.02874161073825504
00 0.24 0.694375 0.04495689655172416 0.0337068965517241
10 0.924375 0.395625 0.03874444444444436 0.03124444444444452
02 0.139375 0.8456250000000001 0.04873809523809523 0.03373809523809512
12 0.468125 0.953125 0.06624297752808977 0.05124297752808982
09 0.058125 0.12437499999999999 0.09624509803921569 0.08124509803921569
15 0.575 0.14937499999999998 0.06745689655172404 0.043706896551724134
11 0.059375000000000004 0.450625 0.03872844827586207 0.05122844827586204
01 0.33875 0.40125 0.0323863636363636 0.0323863636363636
03 0.24125 0.054375 0.03998579545454545 0.021235795454545445
