12 0.131875 0.136875 0.03123355263157894 0.04873355263157893
14 0.7437479026845637 0.81375 0.009995805369127475 0.032491610738254906
05 0.150625 0.638125 0.016206896551724137 0.036206896551724044
05 0.77 0.6275 0.012494444444444364 0.02499444444444443
08 0.2662470238095238 0.2425 0.009994047619047652 0.009988095238095268
06 0.196875 0.855 0.031242977528089855 0.039992977528089835
03 0.175 0.6975 0.029995098039215712 0.02999509803921563
13 0.933125 0.281875 0.07120689655172407 0.0387068965517241
12 0.18312499999999998 0.195 0.03622844827586205 0.029978448275862074
14 0.6468750000000001 0.63625 0.016136363636363726 0.024886363636363762
