18 0.978125 0.608125 0.023733552631578947 0.026233552631578894
03 0.16562500000000002 0.134375 0.016241610738255058 0.04374161073825504
04 0.86 0.37875000000000003 0.029956896551724066 0.034956896551724126
05 0.5393749999999999 0.970625 0.026244444444444404 0.043744444444444364
20 0.5762499999999999 0.751875 0.017488095238095247 0.01873809523809511
15 0.186875 0.104375 0.018750000000000017 0.01374297752808988
05 0.265 0.871875 0.027495098039215682 0.04374509803921567
06 0.41438577586206893 0.80625 0.08372844827586207 0.0074568965517241015
18 0.625 0.908125 0.022478448275861984 0.02372844827586218
12 0.44625000000000004 0.446875 0.04488636363636361 0.04863636363636359
15 0.845 0.38375000000000004 0.07998579545454532 0.03998579545454545
04 0.11499999999999999 0.910625 0.027469512195121934 0.023719512195121917
18 0.4275 0.978125 0.019982142857142837 0.02373214285714287
06 0.909375 0.606875 0.05623750000000005 0.04123749999999993
