02 0.32312088815789475 0.8975 0.04124177631578946 0.02498355263157892
02 0.861875 0.38187499999999996 0.046241610738254946 0.018741610738255032
09 0.121875 0.6675 0.023706896551724116 0.05245689655172414
06 0.9100013888888889 0.46 0.03249722222222218 0.047494444444444506
10 0.63625 0.135 0.024988095238095198 0.022488095238095224
09 0.7887500000000001 0.044375 0.022492977528089875 0.02374297752808989
12 0.72125 0.79 0.07749509803921562 0.042495098039215695
03 0.7250000000000001 0.77375 0.012456896551724106 0.02745689655172412
04 0.933125 0.846875 0.03372844827586219 0.03372844827586219
14 0.2675 0.419375 0.019886363636363646 0.03613636363636363
02 0.31 0.03937499999999999 0.04248579545454545 0.03623579545454545
