15 0.5956250000000001 0.5562499999999999 0.013733552631578827 0.029983552631578925
00 0.8656250000000001 0.864375 0.026241610738254928 0.02374161073825487
14 0.07749999999999999 0.9512499999999999 0.027456896551724133 0.032456896551724124
05 0.46687500000000004 0.745 0.023744444444444512 0.027494444444444266
12 0.5275000000000001 0.85875 0.02498809523809531 0.02998809523809509
08 0.411875 0.946875 0.03624297752808986 0.016242977528089897
05 0.635 0.7481249999999999 0.032495098039215686 0.02374509803921565
16 0.25625 0.92625 0.032456896551724096 0.032456896551724124
08 0.575 0.7268749999999999 0.01747844827586198 0.021228448275862122
03 0.84625 0.333125 0.047386363636363726 0.04363636363636364
