09 0.859375 0.12875 0.061233552631578814 0.07748355263157895
11 0.9550000000000001 0.801875 0.03749161073825491 0.056241610738254844
08 0.236875 0.864375 0.056206896551724145 0.06870689655172413
08 0.12187500000000001 0.18 0.03374444444444448 0.07999444444444442
03 0.1725 0.930625 0.05248809523809525 0.04373809523809513
14 0.56375 0.7362500000000001 0.05499297752808985 0.0524929775280899
16 0.22749999999999998 0.816875 0.0724950980392157 0.06124509803921563
06 0.525625 0.5725 0.03120689655172404 0.17245689655172414
18 0.54125 0.53625 0.03247844827586199 0.03497844827586216
11 0.420625 0.19687500000000002 0.04113636363636358 0.041136363636363665
