00 0.56375 0.089375 0.017483552631578858 0.01623355263157894
13 0.2225 0.643125 0.052491610738255035 0.038741610738254995
12 0.94625 0.7112499999999999 0.022456896551724115 0.04495689655172408
10 0.8868750000000001 0.47 0.01874444444444434 0.01999444444444448
04 0.571875 0.451875 0.021238095238095278 0.026238095238095227
10 0.6956249999999999 0.839375 0.023742977528089848 0.02124297752808979
13 0.42562500000000003 0.36312500000000003 0.02874509803921571 0.031245098039215657
14 0.8756250000000001 0.316875 0.02120689655172414 0.031206896551724095
06 0.201875 0.615 0.041228448275862084 0.057478448275862126
03 0.7575000000000001 0.14500000000000002 0.019886363636363646 0.037386363636363634
03 0.9481285511363637 0.88 0.011242897727272605 0.017485795454545316
08 0.16625 0.955625 0.012469512195121962 0.026219512195121975
