15 0.70875 0.9393750000000001 0.009983552631578907 0.023733552631578836
08 0.027499999999999997 0.29625 0.01749161073825503 0.009991610738255052
06 0.535 0.1875 0.024956896551724173 0.02745689655172412
04 0.97375 0.32437499999999997 0.01499444444444431 0.01624444444444445
11 0.35875 0.9706250000000001 0.02248809523809525 0.013738095238095105
08 0.5843750000000001 0.04625 0.011242977528089892 0.032492977528089884
09 0.274376225490196 0.990625 0.016247549019607843 0.013745098039215753
08 0.06375 0.5918749999999999 0.04245689655172414 0.028706896551724204
04 0.209375 0.8275 0.02372844827586207 0.022478448275862206
03 0.6775 0.859375 0.02738636363636382 0.018636363636363784
14 0.15999644886363637 0.39249999999999996 0.01749289772727275 0.017485795454545483
