00 0.740625 0.305 0.0362335526315789 0.022483552631578974
16 0.27375 0.32437499999999997 0.05999161073825507 0.03874161073825505
08 0.9625 0.34375 0.05995689655172409 0.019956896551724168
14 0.9793750000000001 0.020624999999999998 0.02874444444444435 0.03874444444444444
01 0.22 0.135 0.03498809523809526 0.03748809523809524
15 0.9268767556179776 0.771875 0.036246488764044904 0.016242977528089897
13 0.7375 0.865 0.08249509803921573 0.049995098039215646
14 0.933125 0.151875 0.026206896551724146 0.05620689655172413
13 0.2475 0.9325 0.009978448275862056 0.10997844827586212
03 0.65 0.19625 0.03238636363636371 0.04738636363636367
15 0.3275 0.21687499999999998 0.027485795454545492 0.016235795454545482
14 0.8725 0.8512500000000001 0.04496951219512202 0.027469512195121948
10 0.1725 0.053125 0.029982142857142846 0.01873214285714285
06 0.348125 0.791875 0.048737500000000045 0.11873749999999994
