14 0.771875 0.6275 0.016233552631578885 0.03748355263157899
11 0.416875 0.974375 0.02624161073825504 0.018741610738254977
08 0.343125 0.5475 0.026206896551724146 0.01745689655172411
18 0.425 0.31625000000000003 0.012494444444444475 0.014994444444444477
01 0.409375 0.028125 0.01123809523809527 0.011238095238095235
18 0.076875 0.136875 0.013742977528089895 0.016242977528089897
11 0.971875 0.755 0.018745098039215757 0.02249509803921579
18 0.938125 0.701875 0.01370689655172419 0.016206896551724137
11 0.781875 0.330625 0.02372844827586218 0.026228448275862015
13 0.7455965909090909 0.048125 0.028693181818181923 0.03113636363636363
05 0.07375000000000001 0.345 0.01748579545454547 0.017485795454545483
14 0.906875 0.858125 0.013719512195121908 0.033719512195121926
07 0.330625 0.528125 0.011232142857142802 0.023732142857142757
