20 0.31125 0.42874999999999996 0.03248355263157893 0.03248355263157893
18 0.24 0.200625 0.027491610738255012 0.02874161073825504
11 0.8743749999999999 0.116875 0.043706896551724106 0.04620689655172412
04 0.70375 0.9456249999999999 0.03499444444444433 0.041244444444444306
01 0.460625 0.11625 0.033738095238095234 0.03248809523809523
00 0.74375 0.7962499999999999 0.049992977528089844 0.03499297752808983
11 0.7375 0.525 0.042495098039215695 0.02999509803921563
00 0.641875 0.024999999999999994 0.04870689655172411 0.03245689655172413
13 0.889375 0.16999999999999998 0.09122844827586218 0.06247844827586205
07 0.8087500000000001 0.7887500000000001 0.09738636363636377 0.02738636363636371
03 0.925 0.558125 0.044985795454545285 0.018735795454545512
18 0.7275 0.360625 0.024969512195122 0.02621951219512203
14 0.568125 0.18625000000000003 0.03373214285714288 0.04498214285714283
