04 0.569375 0.18062499999999998 0.03873355263157896 0.026233552631578977
01 0.61375 0.8456250000000001 0.02249161073825512 0.018741610738254866
04 0.825 0.80625 0.02745689655172412 0.039956896551724075
10 0.29874999999999996 0.975625 0.027494444444444432 0.026244444444444404
10 0.68875 0.556875 0.02998809523809509 0.01873809523809533
20 0.675625 0.05 0.028742977528089853 0.024992977528089884
03 0.33687500000000004 0.039375 0.043745098039215724 0.05124509803921569
06 0.5706249999999999 0.390625 0.06620689655172407 0.10370689655172416
14 0.950625 0.41312499999999996 0.05122844827586215 0.048728448275862035
03 0.028749999999999998 0.65 0.024886363636363634 0.019886363636363757
04 0.451875 0.89375 0.03373579545454547 0.027485795454545325
03 0.291875 0.718125 0.023719512195121972 0.028719512195122032
