19 0.40249999999999997 0.744375 0.01998355263157886 0.026233552631578894
07 0.5318770973154363 0.39375000000000004 0.026245805369127573 0.01749161073825506
03 0.9043749999999999 0.28 0.02120689655172414 0.04245689655172408
18 0.828125 0.057499999999999996 0.016244444444444284 0.017494444444444444
01 0.954375 0.31 0.016238095238095163 0.0149880952380953
14 0.8999999999999999 0.308125 0.02499297752808982 0.043742977528089866
06 0.696251225490196 0.7424999999999999 0.022497549019607876 0.017495098039215784
08 0.4575 0.795625 0.03995689655172413 0.028706896551724093
11 0.58875 0.904375 0.022478448275861984 0.02372844827586218
12 0.93875 0.725625 0.03488636363636377 0.03113636363636374
15 0.428125 0.6425 0.02123579545454546 0.06998579545454531
15 0.84625 0.169375 0.022469512195122054 0.04121951219512196
