07 0.06312088815789474 0.915625 0.11624177631578947 0.043733552631578965
01 0.264375 0.25 0.023741610738255037 0.014991610738255057
04 0.261875 0.803125 0.04870689655172414 0.0387068965517241
09 0.83875 0.441875 0.054994444444444346 0.0737444444444445
08 0.935625 0.785 0.048738095238095136 0.037488095238095154
19 0.434375 0.8362499999999999 0.03874297752808986 0.039992977528089946
12 0.5237499999999999 0.254375 0.052495098039215704 0.053745098039215705
03 0.584375 0.9412499999999999 0.028706896551724093 0.039956896551724186
20 0.345625 0.349375 0.03372844827586208 0.03622844827586208
08 0.229375 0.489375 0.023636363636363678 0.07363636363636356
10 0.21625 0.6681250000000001 0.03998579545454545 0.04373579545454531
