10 0.18 0.250625 0.02998355263157898 0.023733552631578947
04 0.385625 0.475625 0.033741610738255046 0.02624161073825504
19 0.400625 0.484375 0.02120689655172414 0.028706896551724093
14 0.865 0.073125 0.04999444444444434 0.016244444444444422
11 0.35124999999999995 0.874375 0.029988095238095258 0.021238095238095056
20 0.625625 0.356875 0.04124297752808981 0.028742977528089853
04 0.38 0.8225 0.024995098039215735 0.022495098039215677
02 0.18562499999999998 0.7893749999999999 0.09870689655172413 0.03870689655172421
12 0.19687500000000002 0.041249999999999995 0.041228448275862056 0.04247844827586207
03 0.82375 0.555625 0.03238636363636371 0.08863636363636362
14 0.589375 0.6456249999999999 0.031235795454545467 0.02873579545454541
15 0.19374999999999998 0.799375 0.04246951219512199 0.026219512195121975
