06 0.5875 0.34812499999999996 0.04498355263157894 0.07123355263157893
14 0.9606250000000001 0.9293750000000001 0.038741610738254884 0.043741610738255
09 0.736875 0.42 0.036206896551724044 0.04745689655172414
16 0.635 0.145625 0.05499444444444446 0.056244444444444444
16 0.286875 0.05625 0.0462380952380953 0.06498809523809523
19 0.201875 0.803125 0.05124297752808987 0.04874297752808987
20 0.234375 0.6575 0.023745098039215706 0.022495098039215677
16 0.8887499999999999 0.3275 0.06245689655172415 0.04745689655172414
20 0.860625 0.339375 0.026228448275862237 0.028728448275862073
06 0.77875 0.901875 0.03488636363636377 0.03113636363636374
00 0.11937500000000001 0.6499999999999999 0.033735795454545484 0.02498579545454549
09 0.29500000000000004 0.5125 0.04496951219512196 0.047469512195121966
16 0.7737499999999999 0.230625 0.05998214285714287 0.04373214285714283
12 0.88375 0.273125 0.04998749999999996 0.04873750000000002
