06 0.034375 0.8824958881578948 0.05873355263157895 0.03999177631578943
11 0.35750000000000004 0.40625 0.027491610738255068 0.01999161073825506
14 0.950625 0.400625 0.04120689655172416 0.02120689655172414
12 0.499375 0.25187499999999996 0.04874444444444448 0.05374444444444443
16 0.9093720238095238 0.385 0.031244047619047532 0.024988095238095254
20 0.300625 0.559375 0.023742977528089848 0.023742977528089848
03 0.3575012254901961 0.404375 0.02749754901960788 0.021245098039215704
06 0.9137607758620689 0.18375 0.049978448275862064 0.03745689655172413
01 0.04875 0.678125 0.01497844827586206 0.01372844827586217
14 0.32499999999999996 0.4575 0.0298863636363636 0.022386363636363593
10 0.263125 0.5549999999999999 0.02123579545454546 0.019985795454545374
