06 0.16625 0.475 0.014983552631578967 0.02998355263157887
09 0.971875 0.8656250000000001 0.026241610738254928 0.026241610738254928
03 0.511875 0.10375000000000001 0.05370689655172417 0.03245689655172414
20 0.59625 0.794375 0.019994444444444537 0.01874444444444434
10 0.24312499999999998 0.6643749999999999 0.03123809523809526 0.023738095238095114
18 0.123125 0.9512499999999999 0.021242977528089874 0.022492977528089875
06 0.628125 0.09312499999999999 0.09624509803921566 0.07624509803921567
11 0.1575 0.943125 0.02995689655172412 0.02120689655172414
03 0.665625 0.879375 0.046228448275862144 0.0487284482758622
07 0.5050284090909091 0.076875 0.019943181818181832 0.028636363636363626
00 0.713125 0.943125 0.026235795454545352 0.023735795454545405
