06 0.45125 0.53 0.04248355263157888 0.07998355263157891
01 0.56125 0.720625 0.022491610738255008 0.021241610738254924
14 0.47250000000000003 0.70875 0.02245689655172417 0.02745689655172412
04 0.24062499999999998 0.53 0.018744444444444425 0.019994444444444537
03 0.14062202380952382 0.358125 0.028744047619047614 0.018738095238095276
06 0.411875 0.831875 0.08374297752808985 0.03874297752808986
14 0.4475 0.32437499999999997 0.032495098039215686 0.04874509803921573
15 0.296875 0.7281249999999999 0.016206896551724137 0.023706896551724088
01 0.074375 0.625625 0.021228448275862066 0.018728448275862064
09 0.450625 0.8218749999999999 0.018636363636363562 0.036136363636363744
13 0.619375 0.42 0.04373579545454531 0.08248579545454549
16 0.16375 0.961875 0.01996951219512194 0.04121951219512199
08 0.690625 0.055 0.03873214285714288 0.01748214285714285
10 0.534375 0.6637500000000001 0.036237500000000034 0.039987499999999954
