18 0.505625 0.113125 0.02373355263157889 0.02623355263157895
06 0.333125 0.019372902684563757 0.16874161073825503 0.026245805369127517
13 0.6825 0.385 0.019956896551724057 0.15495689655172412
06 0.40375 0.8556250000000001 0.11499444444444451 0.016244444444444395
06 0.39 0.41625 0.017488095238095247 0.10748809523809527
04 0.585 0.133125 0.04499297752808984 0.053742977528089875
18 0.4125 0.08499999999999999 0.029995098039215684 0.0324950980392157
18 0.1125 0.043750000000000004 0.027456896551724147 0.02995689655172414
02 0.365 0.5900000000000001 0.06497844827586208 0.05497844827586207
14 0.831875 0.095 0.061136363636363766 0.04988636363636363
06 0.769375 0.5449999999999999 0.03873579545454531 0.022485795454545543
11 0.411875 0.275 0.04121951219512199 0.02996951219512195
09 0.27625 0.431875 0.039982142857142855 0.04623214285714283
