06 0.380625 0.5618708881578948 0.048733552631578914 0.013741776315789433
13 0.359375 0.76 0.07374161073825503 0.0274916107382549
05 0.534375 0.8162499999999999 0.016206896551724137 0.029956896551724177
08 0.928125 0.985625 0.013744444444444337 0.023744444444444346
03 0.9075 0.26749999999999996 0.05748809523809517 0.029988095238095258
10 0.6375 0.08 0.019992977528089928 0.014992977528089896
12 0.119375 0.684375 0.02374509803921568 0.02624509803921571
01 0.933125 0.72875 0.02120689655172414 0.01745689655172411
10 0.423125 0.97125 0.018728448275862064 0.0174784482758622
03 0.22627840909090907 0.24125 0.022443181818181834 0.02238636363636365
12 0.375625 0.8318749999999999 0.031235795454545467 0.0337357954545453
06 0.3775 0.14124237804878048 0.03246951219512195 0.004984756097560966
13 0.923125 0.72375 0.05623214285714284 0.039982142857142744
14 0.305 0.5862499999999999 0.01748749999999999 0.07248749999999993
