10 0.406875 0.18062499999999998 0.02123355263157889 0.016233552631578968
14 0.485 0.8925000000000001 0.01749161073825506 0.017491610738254892
12 0.5543750000000001 0.5506249999999999 0.02120689655172414 0.06620689655172407
07 0.2487486111111111 0.42562500000000003 0.01749722222222222 0.028744444444444517
18 0.6143749999999999 0.700625 0.016238095238095274 0.01873809523809522
13 0.6599999999999999 0.590625 0.03499297752808983 0.07624297752808984
14 0.838125 0.061875 0.021245098039215704 0.048745098039215694
17 0.106875 0.495 0.031206896551724123 0.03745689655172413
13 0.5750053879310345 0.0675 0.03748922413793099 0.05497844827586207
00 0.8006249999999999 0.188125 0.02363636363636379 0.021136363636363648
