03 0.830625 0.5862499999999999 0.0362335526315789 0.027483552631578978
14 0.396875 0.699375 0.018741610738255032 0.04124161073825494
15 0.31125 0.601875 0.03245689655172418 0.016206896551724137
11 0.794375 0.138125 0.031244444444444297 0.02874444444444446
11 0.171875 0.471875 0.03123809523809526 0.03623809523809529
02 0.204375 0.184375 0.03374297752808986 0.031242977528089855
03 0.28500000000000003 0.643125 0.022495098039215733 0.038745098039215775
04 0.6174999999999999 0.31 0.032456896551724124 0.03745689655172413
20 0.7324999999999999 0.746875 0.03497844827586227 0.03122844827586213
15 0.6200000000000001 0.7575000000000001 0.0323863636363636 0.029886363636363655
