03 0.46187500000000004 0.975 0.011233552631578936 0.027483552631578867
15 0.017499999999999998 0.11 0.029991610738255032 0.03499161073825505
12 0.181875 0.25625 0.031206896551724123 0.04745689655172411
16 0.5687500000000001 0.2675 0.019994444444444537 0.039994444444444444
03 0.39375 0.27249999999999996 0.02248809523809525 0.029988095238095258
01 0.145625 0.263125 0.013742977528089895 0.016242977528089897
12 0.203125 0.586875 0.05624509803921568 0.03624509803921572
08 0.09687499999999999 0.7925 0.018706896551724125 0.02745689655172412
03 0.7818750000000001 0.084375 0.01622844827586223 0.036228448275862066
18 0.288125 0.0875 0.013636363636363669 0.01738636363636363
18 0.684375 0.483125 0.0187357954545454 0.021235795454545514
