07 0.4625 0.23312088815789475 0.04748355263157894 0.018741776315789493
06 0.138125 0.380625 0.06374161073825506 0.043741610738255055
14 0.136875 0.45687500000000003 0.02120689655172414 0.01870689655172414
04 0.464375 0.650625 0.03374444444444452 0.033744444444444466
13 0.8043750000000001 0.5543750000000001 0.058738095238095034 0.016238095238095274
08 0.69875 0.89 0.02749297752808988 0.029992977528089826
19 0.33687500000000004 0.6775 0.018745098039215702 0.042495098039215695
10 0.234375 0.790625 0.023706896551724144 0.016206896551724137
03 0.61625 0.238125 0.03497844827586205 0.016228448275862062
12 0.9450000000000001 0.23875 0.029886363636363655 0.03238636363636366
14 0.9225 0.268125 0.04748579545454534 0.03623579545454547
