03 0.23750000000000002 0.55625 0.03998355263157899 0.012483552631578965
11 0.185 0.848125 0.032491610738255045 0.02374161073825487
01 0.119375 0.675 0.01870689655172411 0.012456896551724106
04 0.2925 0.861875 0.022494444444444428 0.023744444444444457
03 0.12437500000000001 0.503125 0.018738095238095234 0.026238095238095283
12 0.474375 0.21125 0.05374297752808982 0.05499297752808985
14 0.33499999999999996 0.910625 0.01499509803921567 0.02624509803921571
12 0.380625 0.08625 0.026206896551724146 0.029956896551724135
01 0.393125 0.041249999999999995 0.02372844827586207 0.022478448275862064
13 0.34125000000000005 0.635 0.0298863636363636 0.03488636363636366
03 0.44 0.130625 0.02498579545454549 0.018735795454545484
11 0.211875 0.13187500000000002 0.02121951219512197 0.026219512195121947
15 0.299375 0.22875 0.011232142857142802 0.02248214285714284
