12 0.76875 0.7725 0.027483552631578978 0.029983552631578925
03 0.49312500000000004 0.42374999999999996 0.018741610738255032 0.012491610738255055
03 0.186875 0.1525 0.02870689655172412 0.02995689655172412
02 0.969375 0.21875 0.0212444444444444 0.009994444444444417
03 0.6681250000000001 0.150625 0.011238095238095158 0.013738095238095244
11 0.49312500000000004 0.734375 0.021242977528089846 0.02124297752808979
18 0.595 0.988125 0.014995098039215726 0.0162450980392157
06 0.64125 0.023749999999999997 0.04495689655172419 0.03495689655172413
06 0.590625 0.214375 0.04122844827586214 0.011228448275862057
03 0.71875 0.019999999999999997 0.012386363636363695 0.024886363636363634
10 0.314375 0.5018750000000001 0.02123579545454546 0.016235795454545454
03 0.62 0.176875 0.03246951219512195 0.013719512195121963
