16 0.534375 0.70625 0.03873355263157896 0.047483552631578885
01 0.44125000000000003 0.32375 0.047491610738255086 0.03749161073825508
00 0.385 0.5081249999999999 0.02745689655172412 0.023706896551724088
08 0.05375 0.33375 0.027494444444444446 0.014994444444444532
12 0.9437500000000001 0.53 0.06498809523809512 0.05248809523809528
12 0.276875 0.8287500000000001 0.031242977528089855 0.03499297752808983
12 0.904375 0.6737500000000001 0.038745098039215664 0.03999509803921575
05 0.564375 0.09 0.036206896551724155 0.019956896551724126
14 0.8362499999999999 0.464375 0.04247844827586211 0.031228448275862075
00 0.6937500000000001 0.65875 0.02738636363636371 0.0173863636363637
18 0.76125 0.9775 0.019985795454545263 0.02248579545454532
06 0.53625 0.835 0.03246951219512195 0.027469512195121948
