13 0.46625 0.61125 0.027483552631578867 0.16248355263157888
12 0.691875 0.44 0.04374161073825489 0.03249161073825502
14 0.290625 0.484375 0.028706896551724148 0.01370689655172408
11 0.26125 0.42375 0.027494444444444432 0.01749444444444448
14 0.28875 0.8775 0.027488095238095256 0.02248809523809514
03 0.736875 0.59875 0.011242977528089892 0.024992977528089932
07 0.0875 0.285625 0.014995098039215685 0.1287450980392157
05 0.56375 0.071875 0.01745689655172411 0.043706896551724134
09 0.521875 0.5 0.018728448275862064 0.044978448275862115
03 0.883125 0.54 0.04113636363636375 0.019886363636363646
15 0.07875355113636363 0.286875 0.019992897727272724 0.013735795454545452
