17 0.370625 0.61625 0.018733552631578887 0.019983552631578916
11 0.411875 0.1875 0.018741610738255032 0.014991610738255057
16 0.031875 0.408125 0.026206896551724142 0.026206896551724146
11 0.681875 0.4225 0.01874444444444434 0.01749444444444448
15 0.035 0.285625 0.012488095238095236 0.008738095238095267
14 0.084375 0.46875 0.021242977528089887 0.022492977528089875
16 0.55625 0.755 0.017495098039215673 0.027495098039215682
12 0.174375 0.7224999999999999 0.026206896551724146 0.032456896551724124
14 0.826875 0.10625000000000001 0.018728448275862175 0.03997844827586207
10 0.215625 0.4475 0.021136363636363648 0.01988636363636359
20 0.12 0.1625 0.012485795454545465 0.012485795454545479
06 0.385 0.870625 0.04496951219512196 0.03121951219512198
