10 0.36499588815789474 0.26125 0.03749177631578943 0.02748355263157895
07 0.4425 0.800625 0.09249161073825507 0.10374161073825494
03 0.3225 0.365625 0.02995689655172412 0.03870689655172416
14 0.835 0.09812499999999999 0.019994444444444315 0.09374444444444444
18 0.47 0.19 0.029988095238095258 0.03248809523809526
13 0.838125 0.101875 0.02124297752808979 0.1312429775280899
02 0.226875 0.38 0.0837450980392157 0.049995098039215646
06 0.713760775862069 0.48125 0.024978448275862042 0.05245689655172414
14 0.8531249999999999 0.17375 0.03872844827586219 0.052478448275862066
04 0.09875 0.88 0.04488636363636363 0.03488636363636366
13 0.11 0.445 0.07248579545454545 0.1024857954545455
