07 0.469375 0.6881250000000001 0.0362335526315789 0.061233552631578925
03 0.8887499999999999 0.07125000000000001 0.07249161073825483 0.04249161073825503
14 0.7424999999999999 0.55125 0.04245689655172413 0.03495689655172418
07 0.1681236111111111 0.80375 0.05124722222222222 0.1249944444444443
03 0.4868779761904761 0.6637500000000001 0.031244047619047588 0.03998809523809521
11 0.294375 0.87375 0.03874297752808986 0.029992977528089826
03 0.47750000000000004 0.185 0.0449950980392157 0.022495098039215677
13 0.7831250000000001 0.17875 0.12620689655172412 0.11995689655172413
14 0.9418803879310345 0.34687500000000004 0.04123922413793113 0.02622844827586207
19 0.808125 0.904375 0.033636363636363686 0.05113636363636376
