03 0.22875 0.6837500000000001 0.05998355263157898 0.03248355263157887
00 0.855 0.10562500000000001 0.06499161073825488 0.05624161073825504
09 0.25875 0.25125 0.022456896551724115 0.06495689655172415
14 0.226875 0.786875 0.06374444444444446 0.06874444444444427
00 0.389375 0.20625 0.06123809523809526 0.04998809523809525
10 0.66625 0.35750000000000004 0.05499297752808985 0.04249297752808984
11 0.270625 0.673125 0.046245098039215726 0.03624509803921572
16 0.6025 0.9325 0.0699568965517241 0.04745689655172414
02 0.484375 0.914375 0.04122844827586203 0.1062284482758622
11 0.30437499999999995 0.60375 0.04363636363636364 0.047386363636363615
12 0.34187500000000004 0.9175 0.07623579545454545 0.05748579545454535
