20 0.801875 0.420625 0.011233552631578991 0.013733552631578883
12 0.3625 0.96625 0.024991610738255066 0.024991610738254955
14 0.390625 0.671875 0.036206896551724155 0.03120689655172404
01 0.33125000000000004 0.655625 0.02999444444444449 0.0212444444444444
10 0.96 0.035 0.02248809523809514 0.02248809523809523
03 0.45499999999999996 0.674375 0.027492977528089824 0.028742977528089853
18 0.83875 0.8674999999999999 0.014995098039215726 0.017495098039215784
09 0.144375 0.303125 0.028706896551724148 0.028706896551724148
02 0.84125 0.728125 0.022478448275862206 0.046228448275862144
03 0.2225 0.580625 0.03238636363636366 0.018636363636363673
06 0.36124999999999996 0.58625 0.07498579545454548 0.009985795454545476
20 0.673125 0.396875 0.02121951219512197 0.02121951219512197
09 0.10375 0.915625 0.02748214285714287 0.03373214285714288
