03 0.669375 0.64 0.051233552631578916 0.047483552631578885
07 0.673125 0.4225 0.05124161073825495 0.12249161073825504
14 0.31875 0.306875 0.07995689655172417 0.04120689655172416
14 0.48812500000000003 0.361875 0.023744444444444512 0.08124444444444445
06 0.89 0.254375 0.09248809523809509 0.09873809523809524
18 0.051875000000000004 0.630625 0.036242977528089894 0.03874297752808986
10 0.9650000000000001 0.31375 0.04499509803921564 0.029995098039215684
03 0.3275 0.59 0.032456896551724124 0.04745689655172414
03 0.9493750000000001 0.6975 0.056228448275862264 0.07747844827586214
13 0.0475 0.4425 0.06738636363636363 0.06738636363636363
18 0.53125 0.909375 0.03248579545454544 0.03623579545454525
15 0.6387499999999999 0.838125 0.05996951219512192 0.03621951219512198
