12 0.22562500000000002 0.530625 0.08123355263157897 0.13123355263157888
04 0.6231249999999999 0.9525 0.05124161073825495 0.052491610738254924
14 0.16999999999999998 0.33625 0.04495689655172411 0.06745689655172415
01 0.123125 0.2425 0.04874444444444445 0.03499444444444444
02 0.13187500000000002 0.6825 0.07623809523809524 0.07748809523809519
08 0.105 0.24 0.05749297752808988 0.08249297752808982
03 0.769375 0.08375 0.03624509803921572 0.06249509803921569
18 0.28812499999999996 0.38687499999999997 0.0362068965517241 0.03870689655172416
13 0.805625 0.49625 0.13622844827586222 0.1474784482758621
20 0.229375 0.565625 0.04363636363636367 0.043636363636363584
16 0.53875 0.59625 0.07248579545454548 0.07248579545454537
03 0.364375 0.426875 0.03121951219512198 0.08121951219512202
