14 0.383125 0.890625 0.04123355263157891 0.03123355263157901
10 0.775 0.580625 0.032491610738254906 0.03374161073825499
03 0.615 0.556875 0.04745689655172414 0.04370689655172422
14 0.849375 0.786875 0.01874444444444434 0.026244444444444293
10 0.72 0.845625 0.017488095238095136 0.01873809523809511
18 0.8049999999999999 0.14937499999999998 0.022492977528089875 0.026242977528089878
13 0.896875 0.871875 0.05874509803921568 0.17374509803921567
04 0.47 0.730625 0.03995689655172413 0.0387068965517241
03 0.5925 0.754375 0.04497844827586206 0.021228448275862233
10 0.666875 0.31875 0.018636363636363784 0.01738636363636359
10 0.416875 0.7462500000000001 0.028735795454545465 0.019985795454545374
05 0.6100000000000001 0.44562500000000005 0.03746951219512196 0.023719512195121972
