04 0.5306249999999999 0.424375 0.031233552631578898 0.02873355263157895
04 0.721875 0.61875 0.03124161073825482 0.024991610738255066
03 0.515 0.08124999999999999 0.019956896551724057 0.03245689655172414
08 0.8374999999999999 0.029375 0.027494444444444377 0.05374444444444444
06 0.41562202380952384 0.4575 0.026244047619047584 0.10998809523809522
14 0.5081249999999999 0.941875 0.053742977528089875 0.03374297752808986
12 0.485 0.42874999999999996 0.03749509803921569 0.0449950980392157
03 0.31125 0.21187499999999998 0.03745689655172413 0.033706896551724125
20 0.37375 0.29125 0.029978448275862102 0.0274784482758621
16 0.21687499999999998 0.7237499999999999 0.03363636363636366 0.057386363636363735
