08 0.740625 0.7425 0.04873355263157886 0.014983552631578911
18 0.89625 0.22125 0.017491610738254892 0.01999161073825506
12 0.870625 0.963125 0.04120689655172416 0.06370689655172412
12 0.668125 0.233125 0.04624444444444431 0.048744444444444424
16 0.6912499999999999 0.599375 0.034988095238095096 0.04373809523809524
17 0.06999999999999999 0.195 0.042492977528089886 0.042492977528089865
04 0.90375 0.30874999999999997 0.032495098039215686 0.029995098039215684
18 0.1375 0.25 0.022456896551724143 0.024956896551724145
06 0.365625 0.186875 0.11372844827586209 0.01622844827586209
04 0.59125 0.793125 0.037386363636363495 0.03113636363636374
03 0.463125 0.365 0.026235795454545463 0.019985795454545485
14 0.39875 0.31 0.024969512195122 0.03246951219512195
02 0.06875 0.754375 0.032482142857142855 0.04623214285714283
16 0.828125 0.048125 0.0487375000000001 0.041237499999999996
