04 0.240625 0.745625 0.023733552631579002 0.01873355263157883
15 0.295625 0.4 0.011241610738255081 0.027491610738255068
15 0.581875 0.16125 0.006206896551724128 0.019956896551724113
14 0.974375 0.43875 0.0362444444444443 0.042494444444444446
04 0.48625 0.109375 0.02248809523809525 0.021238095238095223
06 0.3625 0.899375 0.03499297752808983 0.0887429775280898
06 0.735 0.35375 0.024995098039215735 0.07249509803921572
01 0.708125 0.2425 0.0237068965517242 0.01995689655172414
20 0.59625 0.042499999999999996 0.012478448275862086 0.014978448275862068
02 0.920625 0.19125 0.02363636363636379 0.02238636363636365
13 0.80375 0.39437500000000003 0.027485795454545325 0.03373579545454547
13 0.17 0.32625 0.027469512195121948 0.087469512195122
04 0.42562500000000003 0.660625 0.021232142857142866 0.018732142857142864
01 0.18874999999999997 0.855625 0.012487500000000012 0.011237500000000011
