05 0.14375 0.52125 0.024983552631578948 0.03998355263157882
11 0.7275 0.31437499999999996 0.03749161073825491 0.023741610738255037
18 0.5475 0.885 0.02745689655172412 0.029956896551724066
00 0.694375 0.588125 0.02874444444444435 0.023744444444444568
15 0.053125 0.54625 0.038738095238095224 0.019988095238095305
10 0.099375 0.478125 0.03874297752808989 0.023742977528089848
14 0.76125 0.716875 0.05499509803921576 0.02624509803921571
10 0.354375 0.5956250000000001 0.026206896551724146 0.028706896551724204
20 0.360625 0.931875 0.028728448275862017 0.028728448275862295
12 0.68875 0.07875 0.04488636363636378 0.04988636363636364
14 0.501875 0.250625 0.038735795454545474 0.03373579545454547
00 0.495 0.763125 0.029969512195122006 0.02871951219512192
01 0.1375 0.9325 0.032482142857142876 0.022482142857142895
07 0.8600000000000001 0.192496875 0.06748750000000003 0.07999375
