12 0.575 0.364375 0.0674835526315789 0.08123355263157894
17 0.24375000000000002 0.731875 0.04749161073825506 0.05124161073825484
20 0.365625 0.19687500000000002 0.031206896551724095 0.026206896551724118
18 0.21625 0.4625 0.027494444444444432 0.02999444444444449
14 0.0925 0.823125 0.022488095238095224 0.03873809523809513
15 0.94875 0.5974999999999999 0.04249297752808978 0.057492977528089795
03 0.4275 0.690625 0.054995098039215706 0.031245098039215713
04 0.385625 0.19375 0.043706896551724106 0.02745689655172412
00 0.951875 0.675625 0.03122844827586224 0.021228448275862233
13 0.27499999999999997 0.079375 0.1298863636363636 0.03613636363636363
06 0.733125 0.546875 0.05623579545454538 0.10623579545454542
09 0.6875 0.153125 0.04746951219512208 0.05121951219512194
03 0.084375 0.698125 0.06373214285714285 0.06623214285714285
