20 0.613125 0.6875 0.023733552631578947 0.019983552631578805
01 0.296875 0.12187500000000001 0.018741610738255088 0.018741610738255046
14 0.81375 0.7875 0.04245689655172413 0.03745689655172413
06 0.30375 0.49125 0.014994444444444421 0.0424944444444445
14 0.15937500000000002 0.524375 0.06373809523809526 0.033738095238095234
00 0.1525 0.8574999999999999 0.02999297752808988 0.022492977528089875
05 0.325625 0.956875 0.021245098039215704 0.038745098039215664
02 0.8356250000000001 0.828125 0.03870689655172421 0.036206896551724155
04 0.5125 0.42000000000000004 0.032478448275862104 0.02247844827586204
08 0.23375 0.4325 0.032386363636363685 0.01988636363636359
