06 0.053750000000000006 0.06125 0.03498355263157896 0.04498355263157894
03 0.44875 0.455625 0.04249161073825508 0.04624161073825506
20 0.870625 0.313125 0.02120689655172414 0.026206896551724146
03 0.878125 0.03 0.01874444444444434 0.017494444444444448
14 0.2125 0.74125 0.024988095238095254 0.034988095238095096
02 0.799375 0.5306249999999999 0.0212429775280899 0.023742977528089848
03 0.04625 0.15187499999999998 0.02999509803921569 0.031245098039215685
06 0.42625 0.345 0.04995689655172414 0.06995689655172416
07 0.5718749999999999 0.81625 0.02372844827586207 0.05497844827586218
14 0.735625 0.28812499999999996 0.02363636363636379 0.031136363636363684
