16 0.9225000000000001 0.84625 0.0624835526315789 0.10498355263157888
06 0.26125 0.769375 0.07499161073825505 0.1687416107382549
09 0.33 0.301875 0.08495689655172411 0.08620689655172409
03 0.076875 0.5775 0.05874444444444445 0.06999444444444447
20 0.5131249999999999 0.9612499999999999 0.05123809523809525 0.034988095238095096
00 0.6387499999999999 0.5956250000000001 0.0674929775280898 0.043742977528089866
07 0.49750000000000005 0.49875 0.1749950980392157 0.14499509803921568
01 0.203125 0.0975 0.0387068965517241 0.039956896551724144
02 0.8500000000000001 0.5675 0.06747844827586225 0.12997844827586214
04 0.895 0.185625 0.05988636363636379 0.05863636363636365
20 0.856875 0.675 0.058735795454545325 0.054985795454545294
