08 0.76875 0.021249999999999998 0.04998355263157894 0.017483552631578945
14 0.18375 0.745 0.052491610738255035 0.024991610738254844
09 0.62625 0.36250000000000004 0.04745689655172414 0.03995689655172413
19 0.14750000000000002 0.32625000000000004 0.024994444444444458 0.034994444444444495
03 0.2425 0.36812500000000004 0.03248809523809526 0.018738095238095276
04 0.235 0.8868750000000001 0.03499297752808983 0.036242977528089804
07 0.7906249999999999 0.615625 0.031245098039215713 0.038745098039215664
19 0.018749999999999996 0.8062499999999999 0.03495689655172413 0.032456896551724124
10 0.81125 0.65375 0.03497844827586216 0.03497844827586216
06 0.6868749999999999 0.3725 0.016136363636363726 0.027386363636363598
01 0.880625 0.94625 0.04623579545454537 0.027485795454545325
