05 0.5 0.10625000000000001 0.03248355263157893 0.049983552631578956
05 0.926875 0.63625 0.028741610738254986 0.06249161073825493
15 0.55 0.3275 0.049956896551724195 0.02745689655172412
17 0.87375 0.251875 0.04999444444444434 0.05624444444444443
01 0.13874999999999998 0.9593750000000001 0.027488095238095228 0.023738095238095114
14 0.84875 0.348125 0.057492977528089906 0.03874297752808986
14 0.791875 0.12437500000000001 0.031245098039215602 0.0687450980392157
01 0.48875 0.63375 0.03745689655172413 0.02495689655172406
14 0.8600000000000001 0.785625 0.02747844827586221 0.0437284482758622
00 0.7775 0.6018749999999999 0.039886363636363775 0.04113636363636364
20 0.693125 0.46625 0.03873579545454531 0.03248579545454544
14 0.7875000000000001 0.400625 0.057469512195121975 0.04371951219512199
