19 0.838125 0.416875 0.06623355263157893 0.04373355263157891
16 0.35750000000000004 0.278125 0.07499161073825505 0.05874161073825504
13 0.321875 0.8356250000000001 0.06620689655172413 0.2212068965517241
08 0.4225 0.520625 0.027494444444444488 0.08374444444444445
06 0.9093779761904762 0.806875 0.10124404761904748 0.11123809523809514
03 0.953125 0.41625 0.046242977528089924 0.04249297752808984
03 0.729375 0.5825 0.05124509803921562 0.06499509803921566
04 0.451875 0.057499999999999996 0.05120689655172411 0.04745689655172413
13 0.879375 0.8125 0.12622844827586222 0.17497844827586229
11 0.258125 0.7112499999999999 0.051136363636363646 0.05488636363636379
