12 0.54375 0.385 0.027483552631578978 0.057483552631578894
03 0.7324999999999999 0.069375 0.03999161073825486 0.08124161073825503
12 0.06 0.629375 0.044956896551724135 0.05120689655172406
03 0.5918749999999999 0.390625 0.033744444444444466 0.043744444444444475
15 0.9681249999999999 0.740625 0.03373809523809512 0.031238095238095065
08 0.103125 0.398125 0.016242977528089883 0.01374297752808984
08 0.091875 0.254375 0.03874509803921569 0.0162450980392157
15 0.459375 0.110625 0.021206896551724086 0.031206896551724136
03 0.815 0.683125 0.01997844827586215 0.06872844827586222
08 0.42125 0.058125 0.07238636363636358 0.07613636363636364
15 0.24875 0.3925 0.02998579545454544 0.01498579545454548
19 0.923125 0.30125 0.03121951219512198 0.02996951219512195
