03 0.5218750000000001 0.65875 0.04123355263157891 0.03498355263157882
14 0.405 0.755 0.019991610738255006 0.09249161073825496
03 0.15625 0.45625 0.04995689655172414 0.0699568965517241
11 0.48 0.219375 0.047494444444444506 0.031244444444444436
06 0.39750297619047614 0.33687500000000004 0.11249404761904763 0.02373809523809528
13 0.7974982443820224 0.30562500000000004 0.1249964887640449 0.07874297752808984
14 0.29 0.580625 0.09499509803921566 0.026245098039215597
10 0.0625 0.38375000000000004 0.057456896551724125 0.044956896551724135
06 0.915625 0.641875 0.05122844827586226 0.021228448275862122
12 0.29874999999999996 0.38625 0.0923863636363636 0.06238636363636357
11 0.1225 0.20625 0.05248579545454546 0.03498579545454547
