14 0.3875 0.203125 0.04248355263157888 0.04873355263157897
20 0.09125 0.340625 0.024991610738255052 0.01624161073825503
04 0.416875 0.09875 0.05120689655172417 0.039956896551724144
18 0.5237499999999999 0.73625 0.029994444444444546 0.03249444444444438
14 0.224375 0.8200000000000001 0.023738095238095253 0.029988095238095203
03 0.085625 0.08875 0.026242977528089892 0.03749297752808989
03 0.270625 0.30374999999999996 0.043745098039215696 0.10249509803921569
03 0.544375 0.4425 0.028706896551724204 0.03995689655172413
03 0.214375 0.50625 0.07872844827586206 0.04747844827586206
06 0.6456250000000001 0.51 0.07113636363636366 0.06238636363636357
