08 0.893125 0.588125 0.02123355263157889 0.02123355263157889
07 0.9218729026845638 0.074375 0.02874580536912752 0.028741610738255034
03 0.801875 0.0225 0.0237068965517242 0.03995689655172414
09 0.0325 0.7575000000000001 0.024994444444444444 0.037494444444444386
06 0.38375000000000004 0.871875 0.014988095238095245 0.023738095238095114
06 0.58875 0.76875 0.022492977528089764 0.014992977528089813
11 0.936875 0.49874999999999997 0.02624509803921571 0.022495098039215677
00 0.8287500000000001 0.440625 0.022456896551724115 0.02120689655172414
18 0.6312500000000001 0.470625 0.014978448275862033 0.018728448275862064
06 0.830625 0.08687500000000001 0.011136363636363833 0.07363636363636364
07 0.984375 0.770625 0.008735795454545281 0.03623579545454536
00 0.369375 0.525625 0.026219512195121975 0.018719512195122023
12 0.2606294642857143 0.9256249999999999 0.03124107142857141 0.03123214285714282
14 0.6056250000000001 0.62875 0.013737500000000069 0.022487499999999994
