18 0.7375 0.268125 0.012483552631578854 0.016233552631578996
01 0.19874999999999998 0.89125 0.019991610738255033 0.01999161073825495
13 0.121875 0.79125 0.043706896551724134 0.039956896551724075
20 0.291875 0.714375 0.013744444444444448 0.016244444444444284
03 0.6025 0.11125 0.029988095238095203 0.027488095238095228
13 0.705625 0.53625 0.03124297752808991 0.04249297752808978
06 0.05875 0.145625 0.0024999999999999953 0.058745098039215696
07 0.38312500000000005 0.46375 0.00870689655172413 0.05245689655172414
04 0.51375 0.95875 0.01747844827586209 0.014978448275862144
12 0.423125 0.41312499999999996 0.02613636363636357 0.028636363636363626
20 0.8043750000000001 0.89 0.016235795454545232 0.01498579545454537
09 0.581875 0.51375 0.018719512195122023 0.019969512195121997
06 0.27937500000000004 0.35687053571428573 0.05373214285714284 0.028741071428571408
01 0.90125 0.576875 0.014987499999999931 0.013737499999999958
