04 0.965 0.6656249999999999 0.027483552631578867 0.02123355263157889
01 0.676875 0.28500000000000003 0.02374161073825487 0.022491610738255063
08 0.275625 0.651875 0.011206896551724133 0.01370689655172419
12 0.36 0.71625 0.02999444444444449 0.03249444444444427
11 0.3706220238095238 0.576875 0.023744047619047637 0.016238095238095274
18 0.26187499999999997 0.063125 0.01624297752808984 0.018742977528089892
15 0.349375 0.4475 0.018745098039215702 0.019995098039215675
03 0.649375 0.74875 0.05870689655172412 0.024956896551724173
20 0.705625 0.735625 0.011228448275862113 0.01372844827586217
18 0.9775 0.41125 0.014886363636363753 0.01738636363636359
20 0.28125 0.93625 0.019985795454545485 0.017485795454545316
