03 0.035 0.468125 0.02748355263157895 0.031233552631578898
04 0.881875 0.36750000000000005 0.02374161073825487 0.01749161073825506
03 0.255625 0.479375 0.026206896551724118 0.018706896551724084
03 0.6168750000000001 0.44875 0.028744444444444572 0.01999444444444448
08 0.6268779761904761 0.48250000000000004 0.023744047619047692 0.014988095238095245
06 0.304375 0.786875 0.043742977528089866 0.046242977528089924
13 0.18125 0.6575 0.032495098039215686 0.06499509803921566
11 0.246875 0.4375 0.023706896551724116 0.01745689655172411
03 0.74875 0.80125 0.014978448275862255 0.032478448275862215
03 0.8912500000000001 0.86375 0.03738636363636372 0.029886363636363766
14 0.39 0.12687500000000002 0.03248579545454544 0.01373579545454548
