15 0.8018749999999999 0.249375 0.031233552631578898 0.06623355263157896
02 0.26 0.6799999999999999 0.17499161073825503 0.06999161073825488
20 0.15875 0.82375 0.044956896551724135 0.03495689655172418
11 0.144375 0.043125 0.06124444444444445 0.041244444444444445
20 0.09375 0.128125 0.044988095238095244 0.028738095238095215
18 0.47187500000000004 0.050625 0.041242977528089864 0.04124297752808989
11 0.5237499999999999 0.48687500000000006 0.06749509803921566 0.03874509803921572
06 0.7275 0.6018749999999999 0.21745689655172418 0.06120689655172418
03 0.8825000000000001 0.550625 0.029978448275862157 0.061228448275862046
03 0.43499999999999994 0.815 0.17238636363636356 0.11738636363636379
06 0.8200000000000001 0.9650000000000001 0.0499857954545454 0.034985795454545277
