06 0.48125 0.59375 0.1349835526315789 0.03998355263157882
03 0.873125 0.049375 0.0537416107382549 0.04624161073825503
19 0.369375 0.383125 0.026206896551724146 0.07370689655172413
12 0.85875 0.286875 0.10499444444444439 0.07874444444444445
10 0.57375 0.51625 0.04248809523809527 0.04248809523809527
12 0.825625 0.614375 0.053742977528089875 0.10124297752808986
01 0.759375 0.916875 0.046245098039215726 0.028745098039215655
16 0.428125 0.071875 0.048706896551724166 0.07620689655172413
04 0.1925 0.7618750000000001 0.05747844827586207 0.03872844827586219
09 0.09125 0.38125 0.06488636363636363 0.05488636363636362
00 0.23625 0.5956250000000001 0.03998579545454545 0.02873579545454541
03 0.42125 0.4575 0.18246951219512192 0.07246951219512199
03 0.2525 0.6499999999999999 0.037482142857142825 0.039982142857142855
14 0.265 0.44562500000000005 0.03998750000000001 0.0612375
