03 0.7075 0.76875 0.09748355263157893 0.09248355263157892
08 0.23625000000000002 0.6275 0.07499161073825503 0.01999161073825506
14 0.426875 0.629375 0.03120689655172415 0.043706896551724106
15 0.47500000000000003 0.38375 0.05249444444444451 0.027494444444444488
10 0.3275 0.14750000000000002 0.03498809523809526 0.024988095238095226
20 0.521875 0.545625 0.03874297752808986 0.026242977528089906
14 0.130625 0.9450000000000001 0.053745098039215705 0.03999509803921575
03 0.91625 0.41874999999999996 0.01745689655172411 0.024956896551724117
06 0.141875 0.38187499999999996 0.031228448275862075 0.04622844827586209
13 0.151875 0.24625 0.05863636363636365 0.09488636363636366
03 0.7131214488636364 0.924375 0.03374289772727268 0.016235795454545232
