16 0.44125000000000003 0.71625 0.027483552631578922 0.01748355263157897
10 0.96 0.9025 0.024991610738254955 0.01999161073825495
01 0.725625 0.5956250000000001 0.016206896551724137 0.01370689655172408
18 0.4525 0.9425 0.009994444444444472 0.012494444444444364
02 0.3275 0.135 0.029988095238095258 0.027488095238095228
13 0.669375 0.8375 0.0212429775280899 0.05999297752808985
06 0.5787500000000001 0.7893749999999999 0.052495098039215704 0.036245098039215606
12 0.5956250000000001 0.235625 0.0337068965517241 0.041206896551724104
11 0.425 0.721875 0.019978448275862037 0.01622844827586223
01 0.04375 0.15125 0.02488636363636363 0.027386363636363625
13 0.885 0.509375 0.05748579545454535 0.03873579545454553
15 0.8162499999999999 0.7675000000000001 0.014969512195121992 0.01746951219512194
11 0.54125 0.8206249999999999 0.022482142857142895 0.02123214285714281
