08 0.578125 0.43125 0.08123355263157883 0.04998355263157889
06 0.71875 0.045 0.022491610738254897 0.042491610738255026
16 0.348125 0.639375 0.07370689655172413 0.06120689655172418
12 0.214375 0.886875 0.05874444444444443 0.06374444444444438
04 0.69125 0.816875 0.05998809523809512 0.0562380952380952
14 0.22875 0.89125 0.07749297752808984 0.03749297752808989
04 0.795 0.553125 0.0474950980392157 0.038745098039215664
18 0.08687500000000001 0.213125 0.031206896551724136 0.033706896551724125
08 0.708125 0.495625 0.06622844827586216 0.0562284482758621
20 0.4675 0.11937500000000001 0.042386363636363555 0.02863636363636364
01 0.758125 0.8987499999999999 0.048735795454545316 0.04748579545454523
13 0.4575 0.3325 0.10246951219512201 0.15996951219512195
06 0.41312499999999996 0.7124999999999999 0.08373214285714287 0.15498214285714285
01 0.565625 0.470625 0.043737500000000096 0.03123750000000003
