01 0.469375 0.6599999999999999 0.02373355263157889 0.022483552631578863
11 0.375625 0.16312500000000002 0.021241610738255035 0.021241610738255062
04 0.249375 0.14125 0.01870689655172411 0.027456896551724147
03 0.70375 0.054375 0.022494444444444373 0.026244444444444445
03 0.5775 0.34062499999999996 0.03498809523809521 0.028738095238095285
18 0.150625 0.12625 0.013742977528089895 0.014992977528089882
17 0.41 0.963125 0.032495098039215686 0.03624509803921572
11 0.7725 0.378125 0.022456896551724115 0.026206896551724146
20 0.916875 0.860625 0.02372844827586218 0.01622844827586223
11 0.045 0.6168750000000001 0.022386363636363635 0.02113636363636362
05 0.9668749999999999 0.900625 0.013735795454545285 0.026235795454545352
13 0.8443750000000001 0.816875 0.06871951219512196 0.018719512195122023
