13 0.820625 0.4475 0.026233552631578894 0.0649835526315789
02 0.06875 0.78875 0.017491610738255038 0.032491610738254906
18 0.45625000000000004 0.8987499999999999 0.019956896551724113 0.022456896551724115
03 0.3575 0.383125 0.027494444444444488 0.036244444444444524
15 0.831875 0.063125 0.016238095238095163 0.026238095238095234
10 0.057499999999999996 0.091875 0.012492977528089887 0.013742977528089895
01 0.885 0.33375 0.014995098039215726 0.012495098039215669
04 0.17625000000000002 0.06749999999999999 0.027456896551724147 0.02745689655172414
17 0.5900000000000001 0.35562499999999997 0.022478448275862095 0.03622844827586208
15 0.680625 0.21125 0.03113636363636374 0.012386363636363668
07 0.24812499999999998 0.42374999999999996 0.008735795454545475 0.032485795454545496
