12 0.15625 0.345 0.05248355263157897 0.03748355263157893
19 0.44875 0.569375 0.024991610738255066 0.03374161073825499
08 0.036875000000000005 0.7281249999999999 0.04120689655172414 0.011206896551724133
16 0.63375 0.9237500000000001 0.037494444444444386 0.037494444444444386
18 0.438125 0.200625 0.018738095238095276 0.021238095238095278
07 0.5481232443820225 0.045 0.02374648876404495 0.027492977528089886
20 0.42625 0.248125 0.027495098039215682 0.02874509803921571
03 0.42 0.245625 0.04245689655172413 0.03370689655172415
18 0.8400000000000001 0.580625 0.0174784482758622 0.021228448275862122
14 0.439375 0.5762499999999999 0.033636363636363575 0.039886363636363664
06 0.369375 0.778125 0.09623579545454547 0.021235795454545348
04 0.705625 0.49687499999999996 0.03121951219512198 0.028719512195121977
