06 0.64375 0.510625 0.012483552631578854 0.06373355263157893
07 0.28625 0.169375 0.03249161073825502 0.043741610738255055
12 0.148125 0.575625 0.033706896551724125 0.05120689655172417
09 0.1975 0.54375 0.03499444444444441 0.027494444444444488
15 0.88 0.971875 0.03248809523809504 0.03873809523809513
12 0.403125 0.7849999999999999 0.043742977528089866 0.04499297752808984
04 0.589375 0.1675 0.04124509803921572 0.03499509803921569
04 0.04125 0.33875 0.03495689655172414 0.032456896551724124
05 0.5643750000000001 0.423125 0.03372844827586208 0.028728448275862017
00 0.860625 0.383125 0.028636363636363793 0.018636363636363562
01 0.35125 0.478125 0.017485795454545427 0.01623579545454551
09 0.27625 0.938125 0.014969512195121992 0.028719512195122032
