03 0.846875 0.30374999999999996 0.018733552631578942 0.01998355263157897
15 0.3075 0.8768750000000001 0.027491610738255012 0.04124161073825483
09 0.8943749999999999 0.9056249999999999 0.01370689655172408 0.03120689655172415
12 0.40375 0.9750000000000001 0.027494444444444488 0.029994444444444324
08 0.899375 0.2925 0.02623809523809506 0.024988095238095254
12 0.811875 0.42375 0.04874297752808987 0.039992977528089835
01 0.16999999999999998 0.42000000000000004 0.019995098039215703 0.01499509803921567
03 0.1775 0.82 0.03995689655172413 0.02745689655172412
11 0.826875 0.031875 0.026228448275862237 0.02122844827586207
03 0.528125 0.40937500000000004 0.026136363636363513 0.04113636363636358
20 0.283125 0.284375 0.016235795454545454 0.016235795454545454
07 0.046875 0.45125 0.06621951219512195 0.014969512195121992
