16 0.31625 0.37 0.01748355263157897 0.02498355263157892
04 0.955625 0.134375 0.018741610738254866 0.021241610738255035
20 0.30937499999999996 0.665 0.013706896551724135 0.00995689655172416
19 0.410625 0.37312500000000004 0.02124444444444451 0.013744444444444504
06 0.683125 0.07500000000000001 0.048738095238095136 0.019988095238095235
10 0.798125 0.38687499999999997 0.026242977528089906 0.021242977528089846
06 0.7306250000000001 0.078125 0.04374509803921567 0.04624509803921569
10 0.754375 0.7225 0.01370689655172419 0.014956896551724164
03 0.43062500000000004 0.774375 0.021228448275862066 0.02372844827586218
10 0.49812500000000004 0.32687499999999997 0.028636363636363626 0.02113636363636362
01 0.43 0.454375 0.01498579545454548 0.013735795454545452
