02 0.09437499999999999 0.59625 0.04123355263157895 0.0624835526315789
15 0.6375 0.7581249999999999 0.10999161073825503 0.03124161073825482
03 0.920625 0.27437500000000004 0.046206896551724164 0.03370689655172415
03 0.241875 0.5393749999999999 0.02624444444444443 0.03124444444444452
20 0.625 0.2125 0.027488095238095367 0.024988095238095254
04 0.391875 0.010624999999999999 0.031242977528089855 0.021242977528089887
01 0.2475 0.03125 0.019995098039215703 0.01249509803921569
18 0.15812500000000002 0.173125 0.023706896551724116 0.026206896551724146
13 0.45625000000000004 0.596875 0.13497844827586208 0.03372844827586208
14 0.17875 0.51125 0.03238636363636366 0.04988636363636356
