08 0.91875 0.815625 0.039983552631578934 0.02123355263157889
03 0.393125 0.5137479026845637 0.048741610738255 0.029995805369127493
20 0.8225 0.38125 0.014956896551724164 0.014956896551724108
03 0.30625 0.68625 0.04499444444444445 0.02499444444444432
15 0.46375 0.96375 0.0149880952380953 0.02248809523809503
19 0.6325000000000001 0.8612500000000001 0.022492977528089875 0.03499297752808983
14 0.5487500000000001 0.2475 0.014995098039215615 0.024995098039215707
08 0.043125000000000004 0.551875 0.02120689655172414 0.02120689655172403
01 0.331875 0.940625 0.01372844827586206 0.011228448275862224
02 0.614375 0.34625 0.02863636363636357 0.014886363636363642
