13 0.15812500000000002 0.795 0.04873355263157897 0.02498355263157892
14 0.6018749999999999 0.676875 0.018741610738255088 0.011241610738254915
02 0.57375 0.661875 0.019956896551724057 0.036206896551724155
05 0.9299999999999999 0.076875 0.019994444444444315 0.03124444444444445
15 0.96875 0.838125 0.024988095238095198 0.011238095238095047
13 0.784375 0.95375 0.07374297752808989 0.03749297752808989
02 0.42562500000000003 0.37312500000000004 0.05374509803921573 0.023745098039215706
12 0.719375 0.071875 0.05620689655172417 0.05620689655172414
07 0.12687500000000002 0.30000000000000004 0.07622844827586207 0.03247844827586205
16 0.978125 0.0675 0.023636363636363678 0.03488636363636364
04 0.9475 0.8125 0.02498579545454538 0.027485795454545325
