11 0.6375 0.88375 0.04248355263157888 0.03248355263157887
14 0.524375 0.630625 0.03624161073825505 0.04124161073825494
18 0.61 0.855625 0.02745689655172412 0.028706896551724093
20 0.30062500000000003 0.525 0.03374444444444441 0.027494444444444488
18 0.81125 0.36812500000000004 0.027488095238095145 0.03123809523809523
04 0.83125 0.57375 0.039992977528089835 0.032492977528089884
20 0.259375 0.31625000000000003 0.023745098039215706 0.019995098039215675
17 0.18 0.1175 0.03745689655172413 0.05245689655172413
18 0.20375 0.801875 0.027478448275862072 0.03122844827586224
01 0.7949999999999999 0.91625 0.02738636363636371 0.029886363636363766
06 0.670625 0.10750000000000001 0.11623579545454532 0.06248579545454547
14 0.5675 0.715625 0.022469512195121943 0.03121951219512198
08 0.906875 0.10250000000000001 0.0637321428571429 0.03998214285714287
11 0.703125 0.830625 0.03873750000000009 0.03373750000000009
