06 0.745625 0.11000000000000001 0.013733552631578938 0.037483552631578945
07 0.8518749999999999 0.27875 0.06624161073825496 0.022491610738255008
08 0.97125 0.50625 0.022456896551724115 0.05995689655172409
14 0.581875 0.869375 0.04874444444444448 0.05374444444444437
04 0.31499999999999995 0.070625 0.04498809523809527 0.03623809523809523
00 0.185 0.735625 0.029992977528089854 0.028742977528089853
01 0.143125 0.37875000000000003 0.03374509803921569 0.022495098039215733
13 0.32999999999999996 0.518125 0.04995689655172414 0.07370689655172413
20 0.135 0.200625 0.02997844827586206 0.021228448275862066
12 0.841903409090909 0.935625 0.06869318181818185 0.05113636363636376
14 0.32125000000000004 0.18062499999999998 0.059985795454545465 0.05373579545454546
04 0.405 0.4525 0.03746951219512201 0.03246951219512195
18 0.153125 0.365625 0.028732142857142845 0.031232142857142875
