03 0.7424999999999999 0.35625 0.03498355263157882 0.0674835526315789
19 0.1525 0.8374999999999999 0.04999161073825503 0.03749161073825491
03 0.50125 0.9668749999999999 0.05745689655172409 0.05120689655172417
02 0.50625 0.661875 0.0374944444444445 0.0837444444444444
02 0.20875 0.5449999999999999 0.027488095238095284 0.019988095238095194
04 0.724375 0.5606249999999999 0.043742977528089866 0.04124297752808992
11 0.94625 0.9625 0.04999509803921576 0.034995098039215744
08 0.175625 0.490625 0.07620689655172413 0.04620689655172411
07 0.644375 0.680625 0.016228448275862117 0.06372844827586222
18 0.321875 0.483125 0.028636363636363626 0.031136363636363573
18 0.30625 0.56625 0.02998579545454544 0.03248579545454544
