19 0.546875 0.651875 0.0362335526315789 0.02873355263157884
14 0.56375 0.270625 0.069991610738255 0.06874161073825505
12 0.598125 0.86375 0.08120689655172408 0.06245689655172415
07 0.32875 0.688125 0.044994444444444504 0.05624444444444432
03 0.734375 0.6468749999999999 0.05123809523809508 0.07123809523809521
03 0.03625 0.34125 0.06749297752808989 0.04499297752808984
11 0.5193749999999999 0.910625 0.04374509803921567 0.04124509803921572
04 0.8674999999999999 0.70875 0.039956896551724186 0.04495689655172419
12 0.106875 0.734375 0.046228448275862075 0.1212284482758621
09 0.830625 0.51 0.04613636363636375 0.03988636363636361
13 0.563125 0.359375 0.09373579545454547 0.051235795454545485
03 0.2525 0.605625 0.024969512195122 0.043719512195121935
06 0.10625000000000001 0.7150000000000001 0.05998214285714287 0.019982142857142837
