14 0.90375 0.17375000000000002 0.03248355263157887 0.052483552631578945
01 0.86375 0.865625 0.022491610738254897 0.021241610738254924
15 0.6387499999999999 0.855 0.032456896551724124 0.06745689655172415
18 0.343125 0.8356250000000001 0.023744444444444512 0.026244444444444404
02 0.7587470238095237 0.890625 0.027494047619047612 0.041238095238095074
11 0.7618750000000001 0.5425 0.036242977528089804 0.032492977528089884
04 0.41312499999999996 0.473125 0.03874509803921572 0.02624509803921571
10 0.704375 0.478125 0.04120689655172416 0.028706896551724148
10 0.669375 0.390625 0.028728448275862184 0.02122844827586201
07 0.68375 0.66875 0.049886363636363784 0.05488636363636379
13 0.5018750000000001 0.704375 0.14123579545454545 0.06373579545454533
16 0.74375 0.856875 0.039969512195122014 0.05871951219512195
00 0.43125 0.281875 0.034982142857142795 0.023732142857142813
