03 0.73125 0.445625 0.04248355263157888 0.016233552631578885
15 0.46499999999999997 0.62125 0.03999161073825502 0.03749161073825502
11 0.6681250000000001 0.2875 0.03120689655172415 0.02745689655172412
03 0.246875 0.115 0.04624444444444442 0.029994444444444462
04 0.50875 0.8887499999999999 0.024988095238095254 0.02248809523809514
00 0.450625 0.635625 0.03874297752808986 0.028742977528089853
20 0.30562500000000004 0.400625 0.023745098039215706 0.018745098039215702
03 0.460625 0.735 0.016206896551724137 0.024956896551724173
06 0.065 0.760625 0.032478448275862055 0.01372844827586217
04 0.49250000000000005 0.3875 0.0298863636363636 0.0323863636363636
