03 0.705 0.31687499999999996 0.03498355263157893 0.061233552631578925
13 0.49125 0.46 0.13499161073825505 0.07749161073825506
18 0.38187499999999996 0.44937499999999997 0.028706896551724148 0.031206896551724095
03 0.44437499999999996 0.6543749999999999 0.023744444444444512 0.05874444444444438
18 0.7350000000000001 0.545625 0.03248809523809515 0.033738095238095234
15 0.06625 0.09125 0.027492977528089886 0.04249297752808989
13 0.87 0.646875 0.12249509803921566 0.08124509803921565
06 0.499375 0.8825000000000001 0.09120689655172415 0.13495689655172416
01 0.545625 0.515 0.04122844827586203 0.03247844827586205
14 0.85375 0.931875 0.057386363636363735 0.04613636363636375
14 0.6256249999999999 0.18 0.041235795454545365 0.05248579545454546
15 0.70625 0.539375 0.022469512195122054 0.04121951219512199
