07 0.744375 0.80125 0.04123355263157891 0.04248355263157888
13 0.8525 0.69875 0.032491610738254906 0.012491610738254888
05 0.2075 0.6525 0.02995689655172412 0.01745689655172411
04 0.956875 0.593125 0.0212444444444444 0.016244444444444506
05 0.1437529761904762 0.7687470238095238 0.027494047619047612 0.01999404761904755
03 0.34625 0.28312499999999996 0.0474929775280899 0.02624297752808985
07 0.733126225490196 0.375625 0.026247549019607797 0.038745098039215664
16 0.8875 0.34625 0.019956896551724168 0.032456896551724124
15 0.944375 0.51 0.021228448275862233 0.03747844827586211
03 0.578125 0.655 0.016136363636363615 0.022386363636363704
18 0.8443750000000001 0.66875 0.011235795454545339 0.014985795454545259
20 0.666875 0.42625 0.018719512195122023 0.017469512195121994
