12 0.281875 0.06562499999999999 0.06373355263157898 0.036233552631578944
14 0.289375 0.215625 0.04124161073825505 0.021241610738255062
18 0.230625 0.071875 0.023706896551724144 0.02620689655172414
09 0.34875 0.28937500000000005 0.019994444444444537 0.04374444444444442
15 0.046875 0.565625 0.033738095238095234 0.01873809523809522
19 0.8300000000000001 0.30937499999999996 0.032492977528089884 0.041242977528089864
03 0.548125 0.69375 0.03374509803921566 0.034995098039215744
03 0.21376077586206899 0.531875 0.07247844827586206 0.06620689655172413
06 0.37625 0.28 0.08247844827586209 0.049978448275862064
07 0.148125 0.1825 0.013636363636363641 0.062386363636363656
04 0.909375 0.649375 0.0187357954545454 0.013735795454545285
20 0.66625 0.81625 0.029969512195122006 0.022469512195121943
16 0.21875 0.24375 0.03498214285714285 0.05998214285714282
04 0.443125 0.281875 0.03123750000000003 0.026237500000000025
