10 0.62125 0.67125 0.017483552631578858 0.012483552631578965
03 0.815 0.780625 0.034991610738254963 0.036241610738254826
09 0.13625 0.28875 0.02495689655172413 0.019956896551724168
02 0.96125 0.894375 0.054994444444444346 0.033744444444444355
07 0.884375 0.8043750000000001 0.028738095238095118 0.021238095238095167
14 0.21625 0.90125 0.029992977528089854 0.022492977528089764
20 0.763125 0.404375 0.02374509803921565 0.0162450980392157
01 0.834375 0.455 0.01370689655172419 0.012456896551724106
08 0.5393696120689655 0.81875 0.03373922413793107 0.022478448275862206
04 0.8475 0.409375 0.019886363636363757 0.016136363636363615
