03 0.546875 0.44375 0.04623355263157891 0.02998355263157887
03 0.32125000000000004 0.42 0.047491610738255086 0.024991610738255066
04 0.974375 0.395 0.028706896551724093 0.024956896551724117
12 0.28812499999999996 0.059375 0.03374444444444441 0.03374444444444444
18 0.0875 0.31625000000000003 0.017488095238095233 0.01998809523809525
06 0.9200017556179776 0.405 0.07499648876404497 0.03999297752808989
15 0.855 0.353125 0.027495098039215682 0.03874509803921572
20 0.73875 0.33687500000000004 0.02745689655172412 0.02620689655172409
12 0.259375 0.34125 0.05372844827586204 0.03747844827586211
13 0.286875 0.7612215909090909 0.03613636363636363 0.02744318181818184
08 0.06687499999999999 0.32375 0.023735795454545447 0.047485795454545454
03 0.343125 0.401875 0.023719512195121972 0.023719512195121972
