18 0.301875 0.766875 0.016233552631578996 0.018733552631578942
07 0.12812709731543623 0.013749999999999998 0.028745805369127506 0.014991610738255032
06 0.915 0.041875 0.02745689655172412 0.06620689655172414
14 0.61 0.8356250000000001 0.04499444444444456 0.041244444444444306
10 0.620625 0.865625 0.016238095238095274 0.01873809523809511
20 0.62625 0.373125 0.019992977528089817 0.01374297752808984
04 0.666875 0.04875 0.028745098039215655 0.01999509803921569
04 0.258125 0.108125 0.026206896551724118 0.01870689655172414
06 0.8843803879310345 0.9781249999999999 0.04623922413793102 0.008728448275862166
11 0.501875 0.634375 0.023636363636363622 0.026136363636363624
