14 0.30437499999999995 0.56875 0.05123355263157897 0.04498355263157894
13 0.87 0.544375 0.04749161073825481 0.10374161073825505
07 0.109375 0.22749999999999998 0.023706896551724116 0.0999568965517241
18 0.354375 0.636875 0.02124444444444451 0.023744444444444346
05 0.56125 0.5387500000000001 0.037488095238095265 0.019988095238095194
03 0.389375 0.34625 0.013742977528089895 0.02749297752808988
03 0.05625 0.4125 0.017495098039215687 0.03499509803921569
14 0.40125 0.18125 0.032456896551724124 0.024956896551724117
03 0.51625 0.850625 0.022478448275861984 0.021228448275862233
11 0.9675 0.47 0.02738636363636371 0.027386363636363598
04 0.84375 0.6 0.02498579545454538 0.019985795454545485
15 0.9275 0.7818750000000001 0.0349695121951219 0.056219512195122
11 0.7193750000000001 0.598125 0.03123214285714282 0.02373214285714287
