08 0.6331249999999999 0.161875 0.016233552631578996 0.01873355263157897
03 0.6299999999999999 0.37875000000000003 0.0274916107382549 0.03999161073825502
13 0.5868857758620689 0.6468750000000001 0.05122844827586215 0.0337068965517241
15 0.48250000000000004 0.676875 0.014994444444444477 0.013744444444444337
03 0.735625 0.08812500000000001 0.02623809523809517 0.02623809523809524
06 0.7512482443820225 0.080625 0.057496488764044895 0.06874297752808989
11 0.8987499999999999 0.7849999999999999 0.024995098039215624 0.022495098039215677
06 0.548125 0.114375 0.043706896551724106 0.061206896551724135
01 0.515625 0.31125 0.02122844827586201 0.014978448275862088
02 0.77875 0.65875 0.024886363636363762 0.014886363636363753
12 0.811875 0.5475 0.026235795454545352 0.027485795454545547
10 0.8450076219512195 0.69875 0.01748475609756095 0.019969512195121997
04 0.505 0.830625 0.01998214285714278 0.02123214285714281
