00 0.66 0.5425 0.03498355263157893 0.029983552631578925
11 0.14875 0.108125 0.032491610738255045 0.02624161073825504
07 0.26125 0.605625 0.03995689655172413 0.028706896551724093
10 0.8456250000000001 0.5331250000000001 0.021244444444444288 0.02124444444444451
04 0.49312500000000004 0.38125 0.036238095238095236 0.024988095238095254
12 0.96625 0.87625 0.03499297752808983 0.039992977528089835
03 0.2825 0.73625 0.03499509803921569 0.03749509803921569
20 0.019375 0.33562499999999995 0.02620689655172414 0.01870689655172414
07 0.92625 0.3975 0.0174784482758622 0.05497844827586207
12 0.63375 0.048125 0.06738636363636363 0.048636363636363644
10 0.59625 0.8668750000000001 0.027485795454545436 0.023735795454545294
