04 0.165 0.665625 0.01998355263157897 0.016233552631578885
15 0.9706250000000001 0.9650000000000001 0.028741610738254875 0.049991610738254866
13 0.90875 0.8400000000000001 0.07995689655172422 0.022456896551724115
15 0.516875 0.48 0.011244444444444501 0.02999444444444449
15 0.45625 0.903125 0.012488095238095243 0.01873809523809511
05 0.013125 0.5487500000000001 0.021242977528089887 0.012492977528089866
14 0.26625 0.355 0.032495098039215686 0.019995098039215675
02 0.8049999999999999 0.69375 0.014956896551724053 0.02745689655172412
03 0.7762500000000001 0.5125 0.0174784482758622 0.03747844827586205
03 0.245625 0.5462499999999999 0.008636363636363664 0.022386363636363593
02 0.30125 0.868125 0.024985795454545434 0.01873579545454529
11 0.111875 0.69625 0.023719512195121945 0.01746951219512194
18 0.85875 0.983125 0.014982142857142833 0.018732142857142864
10 0.6225 0.503125 0.022487500000000105 0.021237500000000076
