03 0.9137500000000001 0.42000000000000004 0.027483552631578978 0.034983552631578874
14 0.026874999999999996 0.59125 0.01874161073825503 0.04749161073825514
08 0.339375 0.08124999999999999 0.023706896551724144 0.04745689655172413
03 0.476875 0.8062499999999999 0.03874444444444447 0.017494444444444368
16 0.906875 0.9581249999999999 0.02623809523809517 0.04373809523809513
10 0.420625 0.545625 0.023742977528089904 0.0212429775280899
06 0.120625 0.351875 0.03874509803921569 0.046245098039215726
03 0.1575 0.03875000000000001 0.014956896551724108 0.039956896551724144
03 0.919375 0.743125 0.05872844827586221 0.036228448275862246
00 0.411875 0.10375000000000001 0.03613636363636363 0.02738636363636364
05 0.7637499999999999 0.038125 0.014985795454545259 0.026235795454545453
15 0.675 0.93625 0.024969512195122 0.03746951219512196
