01 0.15687500000000001 0.26375000000000004 0.02873355263157895 0.024983552631578976
00 0.9568749999999999 0.433125 0.018741610738254866 0.013741610738255028
08 0.74625 0.95375 0.014956896551724164 0.049956896551724084
11 0.136875 0.80125 0.02874444444444446 0.027494444444444377
15 0.6025029761904762 0.128125 0.03249404761904762 0.051238095238095235
01 0.164375 0.428125 0.011242977528089892 0.011242977528089837
12 0.53 0.46125 0.02999509803921574 0.032495098039215686
09 0.474375 0.19375 0.028706896551724093 0.022456896551724115
03 0.8687499999999999 0.455 0.049978448275862175 0.029978448275862046
05 0.51 0.574375 0.03488636363636366 0.02863636363636357
05 0.813125 0.5625 0.03623579545454536 0.022485795454545432
01 0.20625 0.039375 0.014969512195121965 0.01371951219512195
