13 0.755 0.15687500000000001 0.07498355263157896 0.10373355263157896
11 0.948125 0.299375 0.038741610738254995 0.031241610738255043
11 0.035625000000000004 0.840625 0.03870689655172414 0.0337068965517241
00 0.54 0.075625 0.03499444444444444 0.028744444444444447
08 0.6912499999999999 0.29375 0.06498809523809512 0.02248809523809525
18 0.634375 0.560625 0.026242977528089906 0.028742977528089853
00 0.16812500000000002 0.505 0.03624509803921569 0.03749509803921569
05 0.15812500000000002 0.786875 0.02870689655172412 0.046206896551724164
06 0.839375 0.9256249999999999 0.036228448275862135 0.09122844827586218
03 0.965 0.36624999999999996 0.022386363636363704 0.05738636363636357
03 0.17875000000000002 0.215625 0.029985795454545466 0.03623579545454547
03 0.14125 0.725625 0.029969512195121922 0.03121951219512198
01 0.683125 0.981875 0.026232142857142815 0.02123214285714281
