09 0.115625 0.62625 0.01873355263157893 0.037483552631578876
04 0.224375 0.843125 0.031241610738255043 0.031241610738254932
09 0.7775 0.9450000000000001 0.057456896551724146 0.057456896551724035
15 0.419375 0.89 0.043744444444444475 0.04249444444444439
04 0.64125 0.659375 0.03498809523809521 0.03873809523809513
06 0.7193767556179775 0.68375 0.028746488764044953 0.10249297752808983
15 0.35624999999999996 0.969375 0.029995098039215684 0.04874509803921567
20 0.120625 0.503125 0.02870689655172412 0.02120689655172414
14 0.39875 0.7537499999999999 0.029978448275862046 0.04747844827586223
10 0.8025 0.420625 0.03238636363636371 0.02613636363636357
03 0.390625 0.34062499999999996 0.018735795454545512 0.07123579545454545
10 0.301875 0.6231249999999999 0.03121951219512198 0.018719512195121912
