10 0.755 0.685625 0.019983552631578805 0.016233552631578885
13 0.8174999999999999 0.8175 0.03749161073825491 0.079991610738255
06 0.41876077586206895 0.6525 0.019978448275862093 0.014956896551724164
16 0.245 0.860625 0.029994444444444435 0.041244444444444306
01 0.1075 0.504375 0.00998809523809524 0.008738095238095323
03 0.6168750000000001 0.28375 0.05874297752808977 0.0524929775280899
13 0.579375 0.385625 0.038745098039215664 0.07124509803921569
04 0.66875 0.88875 0.019956896551724168 0.01745689655172411
07 0.175625 0.588125 0.02372844827586207 0.05622844827586215
14 0.05 0.791875 0.00988636363636363 0.043636363636363695
05 0.5825 0.33375 0.0349857954545455 0.019985795454545485
03 0.2375 0.630625 0.029969512195121978 0.04121951219512199
