11 0.39749999999999996 0.86625 0.027483552631578922 0.019983552631578916
06 0.49875 0.378125 0.01749161073825506 0.06874161073825502
10 0.13125 0.44125000000000003 0.017456896551724124 0.02995689655172412
12 0.474375 0.16749999999999998 0.02124444444444451 0.022494444444444456
00 0.671875 0.965 0.023738095238095225 0.017488095238095136
02 0.7318732443820225 0.06875 0.0312464887640449 0.04499297752808988
20 0.25125 0.3625 0.02499509803921568 0.027495098039215682
03 0.275625 0.6956249999999999 0.02120689655172414 0.036206896551724044
18 0.344375 0.484375 0.018728448275862064 0.02122844827586201
07 0.930625 0.388125 0.026136363636363735 0.03613636363636363
14 0.27437500000000004 0.781875 0.018735795454545456 0.04623579545454537
03 0.11249999999999999 0.349375 0.03496951219512194 0.023719512195121972
05 0.42375 0.5543750000000001 0.014982142857142833 0.028732142857142873
15 0.271875 0.36624999999999996 0.03623749999999998 0.017487500000000045
