12 0.08625 0.398125 0.04748355263157894 0.04123355263157891
12 0.43625 0.583125 0.06499161073825505 0.07124161073825497
06 0.6937500000000001 0.436875 0.07245689655172416 0.023706896551724144
06 0.715625 0.16125 0.02874444444444435 0.01749444444444445
13 0.6643749999999999 0.674375 0.051238095238095194 0.1187380952380952
14 0.6074999999999999 0.037500000000000006 0.04499297752808984 0.03249297752808989
03 0.794375 0.46125 0.06124509803921574 0.042495098039215695
01 0.579375 0.861875 0.02120689655172414 0.016206896551724026
18 0.54125 0.26875000000000004 0.024978448275862153 0.027478448275862044
01 0.326875 0.19687500000000002 0.04363636363636364 0.04363636363636367
11 0.7481249999999999 0.6125 0.04373579545454531 0.03998579545454539
14 0.574375 0.47750000000000004 0.02121951219512197 0.05496951219512197
