03 0.9212499999999999 0.736875 0.04248355263157888 0.05623355263157881
05 0.76625 0.75125 0.02999161073825496 0.04499161073825486
11 0.4225 0.70875 0.03745689655172413 0.022456896551724115
19 0.9425 0.8525 0.04249444444444439 0.03999444444444433
03 0.944375 0.890625 0.0662380952380951 0.04373809523809502
13 0.604375 0.9299999999999999 0.10624297752808975 0.05499297752808985
18 0.1875 0.148125 0.022495098039215677 0.02624509803921568
01 0.87 0.35625 0.02745689655172412 0.02745689655172412
03 0.81875 0.6025 0.024978448275862153 0.04497844827586206
09 0.1775 0.23625 0.049886363636363645 0.03738636363636366
01 0.156875 0.384375 0.02373579545454549 0.026235795454545463
06 0.858125 0.35750000000000004 0.04871951219512194 0.017469512195121994
13 0.639375 0.7206250000000001 0.05873214285714279 0.06873214285714291
