07 0.55125 0.343125 0.009983552631578907 0.038733552631578905
10 0.55125 0.5018750000000001 0.017491610738255003 0.018741610738255088
13 0.2825 0.35 0.054956896551724144 0.05995689655172415
05 0.639375 0.325625 0.02874444444444435 0.013744444444444448
03 0.0825 0.433125 0.03248809523809523 0.06373809523809526
00 0.164375 0.5856250000000001 0.023742977528089848 0.0212429775280899
14 0.36124999999999996 0.6225 0.01499509803921567 0.0574950980392156
07 0.909375 0.029375000000000002 0.011206896551724133 0.04370689655172414
01 0.408125 0.43875 0.02372844827586207 0.017478448275862035
08 0.6925 0.16312500000000002 0.014886363636363642 0.018636363636363645
00 0.236875 0.253125 0.018735795454545456 0.016235795454545454
14 0.194375 0.196875 0.018719512195121968 0.02121951219512197
14 0.818125 0.916875 0.026232142857142815 0.04623214285714283
01 0.5 0.714375 0.012487499999999985 0.011237500000000011
