03 0.188125 0.920625 0.046233552631578995 0.04873355263157886
08 0.79 0.14125 0.06249161073825493 0.019991610738255033
20 0.8206249999999999 0.483125 0.028706896551724204 0.01870689655172414
03 0.295625 0.426875 0.0237444444444444 0.05874444444444449
00 0.856875 0.80875 0.04373809523809513 0.0399880952380951
15 0.34562499999999996 0.44937499999999997 0.05124297752808987 0.04624297752808987
01 0.51625 0.808125 0.03499509803921569 0.021245098039215704
03 0.9375 0.9125000000000001 0.024956896551724173 0.04245689655172413
13 0.18062499999999998 0.384375 0.05872844827586207 0.09372844827586208
06 0.13625 0.203125 0.11738636363636364 0.051136363636363646
