00 0.074375 0.691875 0.023733552631578947 0.016233552631578885
06 0.46625 0.7093750000000001 0.03749161073825502 0.08874161073825493
13 0.70375 0.326875 0.03745689655172413 0.04370689655172416
08 0.9075 0.25 0.04249444444444439 0.019994444444444426
06 0.83875 0.1175 0.0399880952380951 0.05248809523809522
09 0.548125 0.33499999999999996 0.018742977528089844 0.02249297752808982
14 0.04875 0.516875 0.029995098039215684 0.021245098039215704
15 0.22125 0.499375 0.01745689655172411 0.021206896551724086
06 0.7093750000000001 0.839375 0.018728448275862175 0.018728448275862175
00 0.036875 0.7262500000000001 0.026136363636363635 0.02738636363636371
