01 0.8225 0.743125 0.02498355263157892 0.026233552631578894
11 0.186875 0.55125 0.03374161073825507 0.034991610738255075
11 0.228125 0.9375 0.023706896551724144 0.019956896551724057
03 0.753125 0.35624999999999996 0.043744444444444364 0.02999444444444449
06 0.07500000000000001 0.565 0.10748809523809524 0.027488095238095256
15 0.455625 0.10062499999999999 0.03374297752808986 0.018742977528089885
01 0.42625 0.8518749999999999 0.02499509803921568 0.021245098039215704
04 0.855625 0.625625 0.036206896551724155 0.04120689655172405
10 0.8400000000000001 0.59625 0.03747844827586222 0.024978448275862042
06 0.863125 0.8725 0.018636363636363784 0.02738636363636371
00 0.66625 0.40875 0.03248579545454533 0.022485795454545432
06 0.44437499999999996 0.868125 0.03371951219512198 0.02121951219512197
15 0.12875 0.60375 0.03748214285714287 0.0374821428571428
11 0.1075 0.8887499999999999 0.0324875 0.019987499999999936
