08 0.71375 0.29999999999999993 0.05498355263157895 0.05748355263157895
13 0.295625 0.44562500000000005 0.07124161073825502 0.12124161073825507
03 0.339375 0.91125 0.03370689655172415 0.029956896551724066
13 0.8275 0.7931250000000001 0.09499444444444438 0.09874444444444441
08 0.3675 0.410625 0.047488095238095274 0.018738095238095276
03 0.785625 0.6637500000000001 0.02124297752808979 0.04249297752808989
03 0.715625 0.33875 0.04374509803921567 0.05749509803921571
11 0.335 0.16625 0.05245689655172414 0.052456896551724114
04 0.96625 0.17375000000000002 0.04747844827586223 0.029978448275862074
14 0.574375 0.64875 0.0586363636363636 0.04488636363636367
05 0.16499999999999998 0.6125 0.029985795454545466 0.054985795454545516
03 0.219375 0.235625 0.03371951219512195 0.111219512195122
00 0.5606249999999999 0.09875 0.0587321428571429 0.05998214285714287
