15 0.19625411184210528 0.294375 0.009991776315789486 0.011233552631578991
03 0.77875 0.40125 0.022491610738255008 0.024991610738255066
09 0.901875 0.4875 0.01370689655172419 0.032456896551724124
01 0.36875 0.68625 0.024994444444444486 0.01499444444444431
05 0.7175 0.8262499999999999 0.014988095238095078 0.029988095238095203
01 0.26 0.8831249999999999 0.014992977528089868 0.011242977528089892
01 0.050625 0.974375 0.016245098039215693 0.0162450980392157
18 0.718125 0.979375 0.016206896551724137 0.018706896551724084
14 0.435 0.5175 0.009978448275862029 0.03747844827586205
10 0.075625 0.566875 0.01863636363636363 0.016136363636363615
