04 0.334375 0.2475 0.04123355263157891 0.044983552631578966
08 0.48750000000000004 0.13125 0.03749161073825508 0.03999161073825504
04 0.64875 0.5349999999999999 0.03745689655172413 0.03495689655172407
12 0.55 0.188125 0.09499444444444449 0.08874444444444446
11 0.87125 0.53625 0.037488095238095154 0.044988095238095216
20 0.7262500000000001 0.24062499999999998 0.0524929775280899 0.04374297752808984
03 0.5643750000000001 0.14625 0.046245098039215615 0.0724950980392157
03 0.64 0.7150000000000001 0.16245689655172413 0.09245689655172418
12 0.58125 0.9337500000000001 0.06997844827586208 0.06747844827586225
05 0.32562499999999994 0.218125 0.06363636363636366 0.028636363636363654
02 0.29125 0.246875 0.04498579545454545 0.03623579545454547
13 0.223125 0.385 0.10121951219512199 0.04496951219512196
15 0.279375 0.49187500000000006 0.03123214285714282 0.02623214285714287
08 0.4525 0.575625 0.04998750000000002 0.051237499999999936
