03 0.14250000000000002 0.4193708881578947 0.037483552631578945 0.023741776315789498
03 0.0925 0.6637500000000001 0.024991610738255038 0.0274916107382549
04 0.91 0.6756249999999999 0.03745689655172413 0.03120689655172415
13 0.385625 0.615625 0.05874444444444449 0.026244444444444515
10 0.913125 0.655 0.031238095238095176 0.03248809523809515
11 0.47250000000000003 0.485 0.03749297752808983 0.024992977528089877
04 0.095 0.9650000000000001 0.029995098039215684 0.01999509803921573
04 0.32437499999999997 0.6131249999999999 0.03370689655172415 0.023706896551724088
03 0.30625 0.496875 0.039978448275862055 0.03122844827586213
07 0.6268750000000001 0.21 0.011136363636363611 0.05488636363636368
03 0.703125 0.144375 0.023735795454545405 0.041235795454545476
18 0.37375 0.37124999999999997 0.024969512195121946 0.027469512195122003
19 0.420625 0.7268749999999999 0.03623214285714288 0.023732142857142757
