11 0.5700000000000001 0.17375000000000002 0.03248355263157887 0.03498355263157896
04 0.43437499999999996 0.1525 0.033741610738255046 0.027491610738255068
15 0.57875 0.3075 0.014956896551724164 0.05495689655172409
12 0.858125 0.369375 0.0362444444444443 0.03874444444444447
06 0.4825 0.325625 0.017488095238095247 0.1087380952380953
12 0.37625 0.749375 0.04749297752808984 0.04124297752808981
14 0.79625 0.2525 0.027495098039215682 0.049995098039215674
10 0.024375 0.7875 0.031206896551724136 0.029956896551724066
01 0.4175 0.03125 0.02247844827586204 0.01997844827586207
20 0.144375 0.199375 0.016136363636363615 0.01613636363636367
20 0.43625 0.8518749999999999 0.022485795454545487 0.021235795454545348
20 0.8531249999999999 0.714375 0.03621951219512198 0.028719512195122032
