13 0.31125 0.8825000000000001 0.10498355263157894 0.027483552631578978
06 0.44562500000000005 0.489375 0.03875000000000001 0.06874161073825502
01 0.028749999999999998 0.21250000000000002 0.014956896551724136 0.014956896551724136
05 0.9175 0.505625 0.022494444444444373 0.013744444444444504
15 0.8887499999999999 0.70375 0.009988095238095185 0.019988095238095083
16 0.460625 0.09812499999999999 0.028742977528089853 0.018742977528089885
13 0.8287512254901961 0.268125 0.06999754901960786 0.021245098039215704
01 0.248125 0.878125 0.00870689655172413 0.011206896551724133
00 0.8075 0.831875 0.01997844827586226 0.01372844827586217
04 0.706875 0.8725 0.018636363636363784 0.019886363636363646
