19 0.36312500000000003 0.9693750000000001 0.02623355263157895 0.031233552631578898
11 0.24812499999999998 0.116875 0.02874161073825507 0.026241610738255053
01 0.09437499999999999 0.6287499999999999 0.021206896551724128 0.022456896551724115
19 0.904375 0.285625 0.023744444444444346 0.048744444444444424
12 0.591875 0.243125 0.05373809523809525 0.038738095238095294
13 0.16375 0.043125000000000004 0.14499297752808987 0.0762429775280899
20 0.485625 0.1525 0.023745098039215706 0.02499509803921568
03 0.181875 0.27812499999999996 0.01870689655172411 0.013706896551724135
18 0.531875 0.478125 0.02122844827586201 0.02372844827586207
20 0.079375 0.57125 0.03113636363636363 0.027386363636363598
16 0.579375 0.635 0.03873579545454542 0.044985795454545396
07 0.594375 0.5574923780487805 0.07121951219512201 0.039984756097561025
