02 0.19624999999999998 0.610625 0.044983552631578966 0.026233552631578894
14 0.383125 0.48687499999999995 0.018741610738255088 0.03624161073825499
06 0.823125 0.199375 0.0237068965517242 0.07370689655172413
00 0.330625 0.714375 0.023744444444444457 0.01874444444444434
02 0.694375 0.065 0.051238095238095194 0.01998809523809523
03 0.954375 0.9025 0.0212429775280899 0.029992977528089826
07 0.949998774509804 0.598125 0.02749754901960777 0.021245098039215704
13 0.203125 0.31437499999999996 0.006206896551724128 0.028706896551724148
05 0.348125 0.226875 0.028728448275862073 0.01372844827586206
18 0.788125 0.39437500000000003 0.01363636363636378 0.01613636363636356
13 0.08937500000000001 0.265 0.016235795454545468 0.03998579545454545
03 0.3225 0.740625 0.04246951219512196 0.028719512195122032
