07 0.7093750000000001 0.958125 0.031233552631578898 0.011233552631578991
06 0.469375 0.229375 0.04124161073825505 0.03624161073825505
14 0.97125 0.754375 0.02495689655172406 0.028706896551724093
15 0.7125 0.224375 0.022494444444444373 0.02624444444444443
05 0.199375 0.46 0.016238095238095274 0.037488095238095265
14 0.315 0.544375 0.009992977528089808 0.023742977528089848
01 0.71875 0.6543749999999999 0.02999509803921563 0.031245098039215713
01 0.245625 0.6975 0.023706896551724144 0.01745689655172411
20 0.31062500000000004 0.036875 0.011228448275862057 0.01372844827586207
01 0.87 0.5349999999999999 0.01738636363636381 0.019886363636363646
05 0.91 0.848125 0.027485795454545325 0.0337357954545453
13 0.833125 0.473125 0.07121951219512201 0.056219512195121946
19 0.305 0.521875 0.03498214285714285 0.02373214285714287
06 0.95 0.210625 0.00748749999999998 0.0287375
