10 0.09375 0.86375 0.02998355263157894 0.019983552631578916
18 0.218125 0.035625000000000004 0.01874161073825506 0.021241610738255028
10 0.326875 0.371875 0.01620689655172408 0.016206896551724137
15 0.828125 0.30875 0.0362444444444443 0.04999444444444445
15 0.546875 0.24062499999999998 0.041238095238095296 0.05123809523809528
13 0.71 0.555625 0.02749297752808988 0.0987429775280898
04 0.10375 0.3675 0.03749509803921569 0.027495098039215682
09 0.6993750000000001 0.379375 0.03120689655172415 0.03370689655172415
15 0.519375 0.155 0.018728448275862064 0.012478448275862086
14 0.41125 0.718125 0.024886363636363595 0.0386363636363638
02 0.24375 0.56125 0.017485795454545483 0.0349857954545455
