13 0.85625 0.6825 0.17998355263157884 0.05498355263157895
07 0.459375 0.6125 0.04624161073825506 0.01999161073825506
20 0.39 0.83125 0.034956896551724126 0.022456896551724115
11 0.083125 0.36 0.03624444444444444 0.034994444444444495
08 0.176875 0.281875 0.056238095238095254 0.02373809523809528
01 0.49125 0.438125 0.04249297752808989 0.043742977528089866
14 0.5125 0.18562499999999998 0.06249509803921571 0.0462450980392157
06 0.634375 0.888125 0.018706896551724084 0.04620689655172405
10 0.83375 0.759375 0.02747844827586221 0.03122844827586224
08 0.29815340909090904 0.14125 0.05619318181818184 0.024886363636363623
11 0.759375 0.52125 0.03623579545454536 0.027485795454545547
07 0.7931250000000001 0.819375 0.013719512195122019 0.05371951219512194
09 0.65375 0.7581249999999999 0.05248214285714281 0.06373214285714279
