06 0.868125 0.479375 0.20373355263157888 0.11873355263157892
10 0.7206250000000001 0.20500000000000002 0.07874161073825492 0.06249161073825507
04 0.19624999999999998 0.7481249999999999 0.07495689655172413 0.04620689655172405
10 0.196875 0.490625 0.07624444444444445 0.05374444444444454
03 0.24312500000000004 0.2125 0.16873809523809527 0.05748809523809528
11 0.895625 0.759375 0.08124297752808984 0.07124297752808983
05 0.051250000000000004 0.05437500000000001 0.042495098039215695 0.06874509803921569
13 0.566875 0.765625 0.2712068965517241 0.17620689655172406
15 0.638125 0.7662500000000001 0.04872844827586209 0.06997844827586219
03 0.52625 0.4475 0.05238636363636351 0.0898863636363636
