05 0.91625 0.1625 0.04248355263157899 0.01998355263157897
06 0.6087499999999999 0.4612479026845637 0.08749161073825495 0.032495805369127495
02 0.23562499999999997 0.416875 0.0687068965517241 0.03120689655172415
11 0.30062500000000003 0.745 0.031244444444444464 0.022494444444444373
18 0.1575 0.535 0.017488095238095247 0.019988095238095305
09 0.92875 0.903125 0.01749297752808987 0.03374297752808986
00 0.40812499999999996 0.7793749999999999 0.02874509803921571 0.03374509803921566
14 0.414375 0.9281250000000001 0.046206896551724164 0.043706896551724106
14 0.05312499999999999 0.5425 0.031228448275862068 0.03497844827586205
11 0.8925000000000001 0.12437500000000001 0.03738636363636372 0.033636363636363645
06 0.296875 0.475625 0.07873579545454545 0.026235795454545463
02 0.5800000000000001 0.66625 0.027469512195121948 0.039969512195122014
15 0.7793749999999999 0.97875 0.023732142857142757 0.029982142857142846
