03 0.489375 0.14 0.013733552631578938 0.024983552631578948
03 0.965 0.704375 0.04499161073825486 0.02374161073825487
02 0.38312500000000005 0.410625 0.01870689655172414 0.07620689655172413
09 0.94875 0.200625 0.04249444444444439 0.07374444444444445
11 0.6775 0.7625 0.024988095238095198 0.017488095238095136
12 0.051875000000000004 0.37187499999999996 0.038742977528089896 0.041242977528089864
00 0.7175 0.2925 0.024995098039215735 0.019995098039215675
12 0.5075 0.06937499999999999 0.044956896551724135 0.05620689655172414
03 0.214375 0.675 0.02622844827586207 0.0174784482758622
04 0.59625 0.941875 0.0323863636363636 0.028636363636363793
20 0.746875 0.671875 0.016235795454545343 0.011235795454545228
05 0.490625 0.786875 0.04121951219512199 0.033719512195121926
08 0.291875 0.513125 0.05123214285714284 0.016232142857142917
