00 0.903125 0.246875 0.02873355263157895 0.021233552631579
14 0.653125 0.400625 0.021241610738254924 0.021241610738255035
00 0.12 0.78875 0.02995689655172412 0.02745689655172412
13 0.41874999999999996 0.078125 0.05499444444444451 0.07124444444444446
11 0.02375 0.653125 0.027488095238095235 0.033738095238095234
08 0.139375 0.259375 0.0337429775280899 0.02624297752808985
18 0.07875 0.8374999999999999 0.019995098039215703 0.022495098039215677
01 0.964375 0.573125 0.0337068965517241 0.0237068965517242
12 0.785625 0.763125 0.028728448275862184 0.03122844827586213
03 0.8844034090909091 0.17625000000000002 0.023693181818181808 0.02738636363636368
12 0.059375 0.375 0.05373579545454546 0.04998579545454551
00 0.211875 0.5075 0.023719512195121972 0.01996951219512194
10 0.9475 0.840625 0.022482142857142895 0.02123214285714281
