08 0.075625 0.10500000000000001 0.053733552631578946 0.04248355263157895
06 0.169375 0.9175 0.07874161073825503 0.07499161073825489
09 0.7825 0.635 0.04495689655172408 0.04245689655172413
18 0.725625 0.6656249999999999 0.026244444444444404 0.02874444444444435
20 0.6125 0.7637499999999999 0.03248809523809526 0.02248809523809514
07 0.6156250000000001 0.289375 0.01374297752808984 0.04624297752808981
00 0.19687500000000002 0.661875 0.028745098039215683 0.031245098039215602
00 0.943125 0.4675 0.046206896551724164 0.04245689655172408
14 0.051255387931034485 0.271875 0.05498922413793104 0.03622844827586208
03 0.47 0.96375 0.059886363636363626 0.04738636363636384
14 0.14500000000000002 0.856875 0.03748579545454547 0.06873579545454522
