01 0.41125 0.950625 0.03248355263157887 0.02873355263157895
04 0.28 0.7475 0.03249161073825507 0.022491610738255008
14 0.255625 0.5675 0.01870689655172414 0.03745689655172413
10 0.47125 0.5331250000000001 0.02499444444444454 0.018744444444444563
11 0.684375 0.7525 0.03373809523809512 0.02248809523809514
03 0.6318767556179776 0.26625 0.03374648876404496 0.019992977528089872
13 0.175625 0.5856250000000001 0.06874509803921569 0.09374509803921571
17 0.585 0.551875 0.029956896551724177 0.03120689655172404
13 0.241875 0.590625 0.0587284482758621 0.08122844827586206
13 0.5756534090909091 0.89375 0.03619318181818176 0.0798863636363637
02 0.246875 0.935625 0.031235795454545467 0.026235795454545352
