16 0.88375 0.285625 0.039983552631578934 0.03623355263157896
13 0.08812500000000001 0.888125 0.016241610738255044 0.0587416107382549
13 0.629375 0.930625 0.10370689655172416 0.036206896551724155
11 0.686875 0.934375 0.033744444444444355 0.026244444444444404
00 0.057499999999999996 0.354375 0.03998809523809523 0.033738095238095234
03 0.13124999999999998 0.764375 0.012492977528089894 0.06624297752808983
13 0.09312499999999999 0.54 0.07624509803921567 0.09999509803921575
19 0.665 0.074375 0.03495689655172407 0.026206896551724146
07 0.411875 0.34375 0.05122844827586204 0.05247844827586201
06 0.38125 0.736875 0.0323863636363636 0.026136363636363735
01 0.621875 0.6125 0.016235795454545454 0.01498579545454548
10 0.5643750000000001 0.27749999999999997 0.026219512195121975 0.022469512195122
04 0.35124999999999995 0.46187500000000004 0.027482142857142844 0.021232142857142866
