10 0.366875 0.393125 0.04623355263157891 0.02873355263157895
02 0.12 0.894375 0.05749161073825504 0.07624161073825486
14 0.9381250000000001 0.520625 0.06370689655172412 0.026206896551724146
13 0.76875 0.8518749999999999 0.07499444444444436 0.06874444444444439
01 0.28 0.43875 0.029988095238095258 0.01998809523809525
11 0.14625 0.6781250000000001 0.057492977528089864 0.043742977528089866
04 0.7975 0.359375 0.03999509803921564 0.02624509803921571
06 0.8968750000000001 0.69125 0.1062068965517241 0.06745689655172415
16 0.901875 0.9275 0.07372844827586222 0.05247844827586223
06 0.7893749999999999 0.12625 0.06363636363636382 0.07988636363636364
03 0.9225 0.5718749999999999 0.03998579545454528 0.08873579545454546
