14 0.37625 0.43625 0.04498355263157888 0.07248355263157885
06 0.2762479026845638 0.825625 0.0374958053691275 0.04874161073825489
15 0.935 0.19625 0.022456896551724115 0.08745689655172412
02 0.931875 0.459375 0.04874444444444437 0.05874444444444449
17 0.6675 0.111875 0.05748809523809517 0.06373809523809522
11 0.225 0.743125 0.04249297752808984 0.03124297752808991
03 0.298125 0.385625 0.023745098039215706 0.08624509803921565
10 0.5606249999999999 0.826875 0.043706896551724106 0.0387068965517241
01 0.424375 0.18937500000000002 0.03872844827586208 0.03622844827586205
07 0.251875 0.49875 0.09113636363636368 0.01988636363636359
06 0.5443749999999999 0.11749644886363636 0.10373579545454542 0.08999289772727274
15 0.635625 0.566875 0.04871951219512205 0.033719512195121926
