12 0.956875 0.615 0.026233552631578894 0.029983552631578814
15 0.213125 0.5037499999999999 0.033741610738255046 0.009991610738255052
11 0.184375 0.514375 0.023706896551724116 0.028706896551724093
02 0.6187499999999999 0.5318750000000001 0.019994444444444537 0.02124444444444451
04 0.47875 0.031875 0.027488095238095256 0.028738095238095233
03 0.3625 0.425 0.022492977528089875 0.02749297752808988
09 0.850625 0.575 0.02374509803921565 0.017495098039215673
06 0.75875 0.94 0.022456896551724115 0.032456896551724124
03 0.12875 0.057499999999999996 0.034978448275862065 0.04497844827586206
15 0.791875 0.383125 0.013636363636363669 0.02863636363636357
11 0.4225 0.858125 0.027485795454545492 0.031235795454545356
