08 0.29625 0.306875 0.02998355263157898 0.048733552631578914
12 0.47125 0.310625 0.04999161073825509 0.06124161073825507
03 0.14126077586206898 0.7268749999999999 0.022478448275862067 0.018706896551724195
18 0.2425 0.03875 0.02499444444444443 0.027494444444444446
06 0.445 0.558125 0.0149880952380953 0.02873809523809534
11 0.116875 0.10375000000000001 0.038742977528089875 0.02249297752808989
13 0.8006249999999999 0.400625 0.06124509803921574 0.0837450980392157
00 0.7075 0.95 0.03495689655172418 0.02495689655172406
09 0.749375 0.7475 0.026228448275862126 0.02747844827586221
05 0.298125 0.08249999999999999 0.04113636363636369 0.024886363636363637
11 0.648125 0.433125 0.031235795454545467 0.03623579545454547
01 0.6956249999999999 0.15687500000000001 0.02871951219512192 0.02121951219512197
10 0.84125 0.241875 0.03248214285714279 0.036232142857142824
07 0.41312499999999996 0.2675 0.028737500000000027 0.05248750000000002
