05 0.10062499999999999 0.885 0.03373355263157894 0.029983552631578814
10 0.40375 0.7806249999999999 0.03999161073825508 0.038741610738254884
11 0.34125000000000005 0.030625000000000003 0.034956896551724126 0.031206896551724143
15 0.188125 0.0875 0.06624444444444444 0.13249444444444444
03 0.22562500000000002 0.203125 0.028738095238095257 0.04373809523809524
20 0.035625 0.47125 0.02624297752808989 0.02499297752808982
16 0.5325 0.8825000000000001 0.034995098039215744 0.05499509803921565
13 0.7012499999999999 0.72375 0.049956896551724195 0.04495689655172419
16 0.573125 0.693125 0.028728448275862073 0.05122844827586226
03 0.199375 0.21125 0.03613636363636369 0.019886363636363674
08 0.52 0.6749964488636364 0.03248579545454544 0.027492897727272703
15 0.47875 0.608125 0.03246951219512195 0.08621951219512203
14 0.905 0.955625 0.03248214285714279 0.026232142857142926
