06 0.21500000000000002 0.29562499999999997 0.13248355263157896 0.06623355263157893
01 0.148125 0.6856249999999999 0.031241610738255043 0.026241610738254928
03 0.838125 0.6968749999999999 0.03370689655172421 0.053706896551724115
15 0.7375 0.648125 0.05249444444444429 0.04124444444444442
10 0.6825 0.308125 0.054988095238095225 0.04123809523809524
07 0.4425 0.655 0.10749297752808984 0.09999297752808989
01 0.140625 0.825 0.05624509803921568 0.059995098039215766
04 0.115625 0.28874999999999995 0.04620689655172412 0.03995689655172413
09 0.08875 0.49875 0.04747844827586206 0.05997844827586207
19 0.05 0.723125 0.04738636363636363 0.05113636363636376
11 0.8825000000000001 0.466875 0.0499857954545454 0.03623579545454547
12 0.553125 0.46125 0.09121951219512203 0.09996951219512196
13 0.556875 0.59 0.15623214285714276 0.05498214285714287
02 0.344378125 0.253125 0.06374374999999999 0.03873749999999998
