10 0.65 0.3375 0.02498355263157892 0.024983552631578865
03 0.044375 0.14125 0.04874161073825503 0.04749161073825506
05 0.133125 0.815625 0.04870689655172414 0.023706896551724088
01 0.098125 0.629375 0.04624444444444445 0.043744444444444475
04 0.47 0.56875 0.03998809523809527 0.02248809523809525
03 0.37625 0.78 0.08249297752808987 0.057492977528089906
10 0.443125 0.719375 0.023745098039215706 0.06124509803921563
16 0.73875 0.325 0.04245689655172413 0.06245689655172415
00 0.968125 0.70875 0.0437284482758622 0.04497844827586217
11 0.81125 0.36124999999999996 0.039886363636363775 0.024886363636363595
13 0.5225035511363636 0.19687500000000002 0.10999289772727272 0.05373579545454546
