14 0.065 0.9775 0.052483552631578945 0.027483552631578867
04 0.509375 0.6381249999999999 0.02624161073825504 0.021241610738254924
18 0.793125 0.71 0.018706896551724084 0.022456896551724115
03 0.139375 0.73875 0.02624444444444446 0.019994444444444426
03 0.8 0.175625 0.04248809523809516 0.01123809523809527
02 0.938125 0.6856249999999999 0.05624297752808993 0.03374297752808986
12 0.32 0.45125000000000004 0.042495098039215695 0.0449950980392157
15 0.790625 0.075 0.01370689655172419 0.03245689655172413
06 0.755625 0.240625 0.008728448275862277 0.08372844827586207
03 0.409375 0.734375 0.043636363636363584 0.053636363636363704
15 0.199375 0.438125 0.028735795454545465 0.028735795454545465
04 0.520625 0.80125 0.033719512195121926 0.03246951219512195
