18 0.050625 0.29000000000000004 0.013733552631578959 0.014983552631578967
10 0.9612499999999999 0.034375 0.01999161073825484 0.013741610738255031
13 0.87625 0.34875 0.02745689655172412 0.049956896551724084
08 0.143125 0.48750000000000004 0.01624444444444445 0.024994444444444486
11 0.95125 0.3125 0.017488095238095136 0.02248809523809525
07 0.026875 0.8143750000000001 0.01624297752808989 0.06874297752808978
00 0.33875 0.9425 0.01999509803921573 0.017495098039215673
05 0.241875 0.45875 0.023706896551724116 0.01745689655172411
01 0.16999999999999998 0.89625 0.012478448275862059 0.012478448275862197
02 0.754375 0.610625 0.023636363636363678 0.016136363636363615
