04 0.376875 0.423125 0.02123355263157889 0.011233552631578936
00 0.83875 0.051250000000000004 0.017491610738255003 0.017491610738255024
11 0.9750000000000001 0.776875 0.022456896551724115 0.018706896551724084
08 0.09125 0.215 0.03249444444444445 0.022494444444444428
12 0.385 0.2625 0.024988095238095254 0.027488095238095284
15 0.75125 0.65625 0.02499297752808982 0.01749297752808987
04 0.8187500000000001 0.06875 0.022495098039215677 0.014995098039215685
11 0.503125 0.433125 0.0262068965517242 0.023706896551724144
14 0.294375 0.07875 0.036228448275862024 0.017478448275862063
15 0.685625 0.9606250000000001 0.011136363636363722 0.0336363636363638
01 0.496875 0.88375 0.013735795454545507 0.009985795454545365
05 0.68375 0.6231249999999999 0.019969512195121997 0.023719512195122028
03 0.535 0.8325 0.03498214285714285 0.014982142857142833
