17 0.11 0.7537499999999999 0.024983552631578948 0.029983552631578925
10 0.341875 0.7350000000000001 0.02624161073825504 0.0274916107382549
11 0.316875 0.08875 0.01870689655172414 0.017456896551724124
00 0.768125 0.698125 0.01874444444444434 0.018744444444444452
20 0.9675 0.48062499999999997 0.019988095238095083 0.021238095238095223
10 0.5706249999999999 0.753125 0.0212429775280899 0.0212429775280899
07 0.10875000000000001 0.614375 0.037495098039215705 0.023745098039215762
04 0.3225 0.6112500000000001 0.02745689655172412 0.02495689655172406
09 0.743125 0.390625 0.028728448275862184 0.02122844827586201
06 0.46125 0.056875 0.06238636363636363 0.02863636363636364
10 0.9368749999999999 0.108125 0.011235795454545339 0.008735795454545475
01 0.96625 0.84625 0.019969512195121886 0.01746951219512194
