03 0.13499588815789473 0.10250000000000001 0.014991776315789462 0.037483552631578945
01 0.7306250000000001 0.909375 0.026241610738254928 0.02374161073825498
02 0.84875 0.476875 0.024956896551724173 0.0387068965517241
03 0.9768749999999999 0.19375 0.008744444444444333 0.022494444444444428
20 0.875 0.45999999999999996 0.01248809523809502 0.00998809523809524
08 0.653125 0.420625 0.03374297752808986 0.031242977528089855
03 0.46625 0.08249999999999999 0.05749509803921571 0.027495098039215696
13 0.855 0.604375 0.057456896551724146 0.0237068965517242
10 0.504375 0.25375 0.018728448275862064 0.017478448275862063
04 0.524375 0.21625 0.023636363636363567 0.017386363636363672
05 0.546875 0.448125 0.016235795454545565 0.028735795454545465
