06 0.55125 0.426875 0.04248355263157888 0.018733552631578942
12 0.600625 0.47125 0.06374161073825502 0.074991610738255
03 0.103125 0.7949999999999999 0.04870689655172415 0.04495689655172408
03 0.6168750000000001 0.78 0.02124444444444451 0.07999444444444437
10 0.179375 0.576875 0.038738095238095266 0.03873809523809524
12 0.43999999999999995 0.15312499999999998 0.062492977528089855 0.04874297752808987
02 0.0275 0.6325000000000001 0.014995098039215692 0.022495098039215677
11 0.671875 0.170625 0.04370689655172422 0.028706896551724148
20 0.735 0.588125 0.03497844827586216 0.026228448275862126
16 0.25312500000000004 0.6168750000000001 0.031136363636363684 0.05863636363636371
01 0.5975 0.6174999999999999 0.03248579545454544 0.019985795454545374
14 0.035625 0.78 0.026219512195121947 0.019969512195121997
04 0.569375 0.446875 0.033732142857142766 0.023732142857142813
03 0.6025 0.28500000000000003 0.027487499999999998 0.08998750000000003
