13 0.6837500000000001 0.063125 0.0724835526315789 0.023733552631578954
07 0.900625 0.14062290268456376 0.026241610738254817 0.08124580536912751
12 0.60125 0.8600000000000001 0.02745689655172412 0.032456896551724124
01 0.946875 0.49 0.023744444444444346 0.01749444444444448
12 0.27625 0.48250000000000004 0.027488095238095256 0.029988095238095258
03 0.11374999999999999 0.038125000000000006 0.049992977528089885 0.013742977528089888
04 0.2275 0.48812500000000003 0.032495098039215686 0.02874509803921571
12 0.538125 0.94625 0.05870689655172412 0.06245689655172415
03 0.9225 0.819375 0.04497844827586217 0.021228448275862233
16 0.30125 0.768125 0.03738636363636366 0.028636363636363682
18 0.06125 0.6637500000000001 0.01998579545454545 0.02248579545454532
11 0.076875 0.36687499999999995 0.026219512195121947 0.023719512195121972
03 0.625 0.821875 0.02498214285714284 0.04623214285714283
02 0.245 0.33125000000000004 0.027487499999999998 0.034987500000000005
