15 0.8418749999999999 0.47250000000000003 0.043733552631578854 0.03998355263157888
05 0.691875 0.053125 0.03374161073825488 0.018741610738255032
03 0.2925 0.5431250000000001 0.014956896551724108 0.06120689655172418
03 0.108125 0.7737499999999999 0.021244444444444455 0.08999444444444438
20 0.22875 0.7931250000000001 0.02498809523809528 0.023738095238095114
13 0.7537499999999999 0.254375 0.02499297752808982 0.08874297752808985
14 0.273125 0.42000000000000004 0.046245098039215726 0.02499509803921568
04 0.7418750000000001 0.3975 0.026206896551724035 0.022456896551724115
18 0.40312499999999996 0.43875 0.021228448275862066 0.024978448275862097
07 0.9681249999999999 0.145625 0.05613636363636376 0.018636363636363618
03 0.063125 0.823125 0.013735795454545452 0.031235795454545245
