01 0.690625 0.43374999999999997 0.033733552631578845 0.034983552631578874
14 0.651875 0.7 0.038741610738254995 0.04499161073825497
07 0.244375 0.875 0.033706896551724125 0.01745689655172411
11 0.860625 0.31500000000000006 0.023744444444444346 0.024994444444444486
11 0.9325 0.10125 0.03248809523809504 0.019988095238095235
14 0.900625 0.46499999999999997 0.03874297752808986 0.03249297752808983
18 0.16499999999999998 0.3275 0.0174950980392157 0.019995098039215675
14 0.895625 0.6925 0.03120689655172404 0.0549568965517242
16 0.371875 0.313125 0.03872844827586208 0.02622844827586207
14 0.964375 0.369375 0.036136363636363744 0.023636363636363567
