14 0.719375 0.6499999999999999 0.026233552631578894 0.019983552631578916
02 0.475 0.8756250000000001 0.014991610738255057 0.038741610738254884
07 0.308125 0.238125 0.041206896551724104 0.05120689655172411
10 0.135625 0.768125 0.01624444444444445 0.016244444444444395
12 0.524375 0.405625 0.026238095238095283 0.031238095238095287
06 0.7275 0.07375 0.06499297752808986 0.06499297752808988
06 0.41875122549019606 0.210625 0.04499754901960784 0.09124509803921568
15 0.208125 0.486875 0.053706896551724115 0.0337068965517241
07 0.1981303879310345 0.17375000000000002 0.01123922413793102 0.05497844827586204
18 0.44125000000000003 0.14375 0.01988636363636359 0.02238636363636362
