09 0.103125 0.074375 0.048733552631578955 0.05873355263157895
20 0.9568749999999999 0.685 0.018741610738254866 0.01999161073825484
00 0.16562500000000002 0.9199999999999999 0.046206896551724136 0.039956896551724186
15 0.345625 0.443125 0.03124444444444452 0.04874444444444448
06 0.6799999999999999 0.14875 0.014988095238095078 0.17248809523809525
08 0.7831250000000001 0.555625 0.03374297752808986 0.023742977528089848
02 0.11875 0.0625 0.019995098039215675 0.05999509803921568
11 0.964375 0.358125 0.043706896551724106 0.041206896551724104
06 0.360625 0.826875 0.12122844827586204 0.03122844827586224
03 0.568125 0.435625 0.016136363636363615 0.0586363636363636
04 0.18375 0.564375 0.04248579545454545 0.031235795454545467
