11 0.593125 0.485 0.06373355263157898 0.04498355263157888
04 0.621875 0.341875 0.05874161073825501 0.04124161073825505
08 0.561864224137931 0.6975 0.03372844827586208 0.04745689655172414
04 0.8106249999999999 0.45125000000000004 0.03874444444444436 0.0399944444444445
12 0.15625 0.838125 0.11248809523809525 0.11623809523809514
06 0.050625 0.23 0.05624297752808989 0.052492977528089846
01 0.43875 0.44625 0.054995098039215706 0.03749509803921569
15 0.8262499999999999 0.5506249999999999 0.07745689655172405 0.04120689655172416
12 0.699375 0.84875 0.06622844827586216 0.0699784482758623
09 0.40249999999999997 0.8043750000000001 0.04988636363636362 0.07863636363636373
