03 0.15812500000000002 0.8574999999999999 0.051233552631578944 0.022483552631578863
20 0.368125 0.50375 0.04124161073825505 0.03749161073825508
01 0.13 0.27937500000000004 0.03745689655172413 0.03370689655172415
09 0.506875 0.5918749999999999 0.06374444444444449 0.04124444444444453
06 0.774375 0.8631249999999999 0.1287380952380951 0.1387380952380951
18 0.51125 0.29000000000000004 0.029992977528089826 0.03249297752808983
03 0.115 0.645625 0.024995098039215707 0.02624509803921571
04 0.650625 0.798125 0.046206896551724164 0.036206896551724155
18 0.36125 0.69125 0.029978448275862046 0.032478448275862215
03 0.619375 0.057499999999999996 0.07363636363636372 0.04238636363636363
07 0.896875 0.28937500000000005 0.05123579545454526 0.018735795454545456
14 0.140625 0.514375 0.02121951219512197 0.03621951219512193
11 0.9125000000000001 0.316875 0.0424821428571428 0.04123214285714283
