06 0.733125 0.681875 0.08623355263157895 0.09123355263157884
20 0.300625 0.15999999999999998 0.03624161073825505 0.032491610738255045
10 0.375625 0.0225 0.03370689655172415 0.03245689655172414
08 0.635 0.93625 0.03249444444444449 0.05999444444444435
11 0.8518749999999999 0.90625 0.03373809523809512 0.027488095238095145
09 0.91875 0.50875 0.03499297752808983 0.03249297752808983
11 0.378125 0.766875 0.03374509803921566 0.02624509803921571
11 0.43500000000000005 0.520625 0.034956896551724126 0.03370689655172421
03 0.8243750000000001 0.826875 0.046228448275862255 0.03872844827586219
03 0.3 0.1925 0.0173863636363637 0.022386363636363676
03 0.30000000000000004 0.286875 0.04498579545454545 0.04873579545454548
08 0.7825 0.7925 0.06246951219512198 0.04996951219512202
11 0.961875 0.225625 0.036232142857142824 0.038732142857142826
