18 0.29874999999999996 0.55875 0.014983552631578967 0.017483552631578858
06 0.29937709731543627 0.905625 0.06124580536912755 0.07124161073825497
00 0.2225 0.820625 0.024956896551724117 0.016206896551724137
14 0.679375 0.671875 0.043744444444444364 0.023744444444444346
14 0.150625 0.59625 0.03873809523809524 0.022488095238095362
15 0.9668749999999999 0.176875 0.011242977528089892 0.02624297752808985
04 0.47 0.12 0.022495098039215733 0.022495098039215677
18 0.6543749999999999 0.164375 0.018706896551724195 0.02120689655172414
00 0.44625 0.6400000000000001 0.03497844827586205 0.022478448275862095
03 0.78 0.181875 0.03488636363636377 0.03863636363636366
01 0.2 0.7925 0.014985795454545453 0.01498579545454537
09 0.80375 0.2225 0.022469512195121943 0.04246951219512196
