18 0.22999999999999998 0.19 0.00998355263157899 0.012483552631578965
13 0.44375 0.77625 0.047491610738255086 0.10249161073825497
15 0.333125 0.5181250000000001 0.03120689655172415 0.048706896551724166
08 0.09062500000000001 0.711875 0.04124444444444446 0.01874444444444434
13 0.6912499999999999 0.7206250000000001 0.11498809523809517 0.09873809523809507
00 0.35562499999999997 0.56 0.01624297752808984 0.01749297752808976
13 0.5562499999999999 0.8825 0.06249509803921571 0.027495098039215682
06 0.265635775862069 0.7975 0.016228448275862062 0.05995689655172409
13 0.785 0.854375 0.05247844827586223 0.036228448275862135
04 0.52875 0.39749999999999996 0.022386363636363593 0.024886363636363595
12 0.674375 0.665625 0.021235795454545348 0.04623579545454537
10 0.88 0.194375 0.022469512195121943 0.018719512195121968
10 0.974375 0.74125 0.02373214285714287 0.022482142857142784
11 0.29625 0.6443749999999999 0.01998749999999999 0.018737499999999963
