03 0.303125 0.460625 0.031233552631578954 0.02123355263157889
08 0.618125 0.021249999999999998 0.038741610738255106 0.03499161073825503
20 0.400625 0.2825 0.02120689655172414 0.02245689655172417
03 0.6087499999999999 0.23875000000000002 0.022494444444444484 0.024994444444444458
14 0.673125 0.469375 0.023738095238095114 0.016238095238095274
05 0.288125 0.33625 0.01374297752808984 0.03499297752808983
20 0.37 0.43125 0.024995098039215735 0.01749509803921573
03 0.2875 0.5406249999999999 0.034956896551724126 0.023706896551724088
01 0.105 0.129375 0.01497844827586206 0.011228448275862057
07 0.189375 0.0575 0.011136363636363666 0.05738636363636364
