10 0.566875 0.01625 0.01123355263157888 0.012483552631578946
09 0.693125 0.871875 0.018741610738254977 0.018741610738254866
03 0.683125 0.959375 0.03120689655172415 0.028706896551724093
13 0.246875 0.9237500000000001 0.031244444444444436 0.029994444444444324
18 0.8574999999999999 0.33999999999999997 0.009988095238095185 0.012488095238095298
10 0.27375 0.7775 0.019992977528089817 0.019992977528089817
11 0.45125 0.98875 0.022495098039215677 0.014995098039215726
14 0.009999999999999998 0.8456250000000001 0.012456896551724137 0.018706896551724195
07 0.958125 0.2925 0.018728448275862286 0.019978448275862093
03 0.22 0.63875 0.009886363636363693 0.027386363636363598
13 0.579375 0.93875 0.02873579545454552 0.044985795454545285
