10 0.5425 0.16125 0.017483552631578858 0.01998355263157897
14 0.47562499999999996 0.48062499999999997 0.033741610738255046 0.02874161073825504
00 0.73 0.34125 0.022456896551724115 0.019956896551724168
12 0.52125 0.811875 0.029994444444444435 0.031244444444444408
13 0.8612500000000001 0.57375 0.054988095238095114 0.03498809523809521
03 0.190625 0.535625 0.04374297752808984 0.043742977528089866
12 0.380625 0.589375 0.03624509803921572 0.04124509803921572
14 0.044375000000000005 0.42625 0.03870689655172414 0.032456896551724124
04 0.933125 0.71 0.02372844827586218 0.024978448275862264
06 0.07247159090909092 0.1275 0.024943181818181823 0.057386363636363624
04 0.104375 0.28625 0.031235795454545467 0.02498579545454549
