01 0.58125 0.195 0.04498355263157883 0.02998355263157898
01 0.628125 0.70625 0.018741610738255088 0.017491610738254892
16 0.294375 0.26687500000000003 0.046206896551724164 0.05870689655172415
05 0.11624999999999999 0.544375 0.04749444444444445 0.026244444444444404
13 0.15125 0.184375 0.08498809523809524 0.038738095238095266
07 0.46125 0.47687500000000005 0.05999297752808985 0.05124297752808987
00 0.41312499999999996 0.05875 0.041245098039215666 0.029995098039215684
03 0.93625 0.043125000000000004 0.032456896551724124 0.028706896551724138
10 0.40437500000000004 0.419375 0.031228448275862075 0.03122844827586202
08 0.6950000000000001 0.40125 0.024886363636363762 0.06988636363636358
20 0.868125 0.196875 0.031235795454545356 0.026235795454545463
16 0.926875 0.03749999999999999 0.03871951219512204 0.05996951219512194
