02 0.27249999999999996 0.568125 0.11498355263157894 0.04123355263157891
12 0.4525 0.206875 0.06749161073825505 0.08124161073825503
03 0.83125 0.22812500000000002 0.05495689655172409 0.03620689655172413
13 0.3075 0.799375 0.1074944444444445 0.03624444444444441
06 0.5825 0.7112499999999999 0.05248809523809528 0.1649880952380952
00 0.874375 0.476875 0.06374297752808977 0.06624297752808983
19 0.383125 0.043750000000000004 0.05124509803921573 0.06749509803921569
05 0.8981250000000001 0.405 0.06120689655172418 0.04995689655172414
04 0.880625 0.468125 0.053728448275862206 0.04622844827586209
13 0.6875 0.5275000000000001 0.10238636363636366 0.06238636363636363
10 0.1375 0.316875 0.05248579545454547 0.03373579545454547
13 0.7725 0.833125 0.092469512195122 0.08621951219512192
14 0.9199999999999999 0.2975 0.05998214285714287 0.047482142857142806
00 0.635625 0.1475 0.06623749999999995 0.062487500000000015
