07 0.291875 0.5925 0.06623355263157893 0.037483552631578876
08 0.91125 0.525625 0.02999161073825496 0.04624161073825506
05 0.7793749999999999 0.33125 0.023706896551724088 0.04245689655172413
14 0.07250000000000001 0.41500000000000004 0.06749444444444445 0.034994444444444495
00 0.8300000000000001 0.940625 0.03248809523809515 0.028738095238095118
14 0.91 0.35062499999999996 0.029992977528089826 0.05124297752808987
05 0.5506249999999999 0.5218750000000001 0.04374509803921567 0.031245098039215713
03 0.668125 0.616875 0.06870689655172413 0.016206896551724137
06 0.8812500000000001 0.54625 0.02747844827586221 0.019978448275862037
12 0.39437500000000003 0.52 0.046136363636363587 0.047386363636363615
12 0.3 0.284375 0.037485795454545445 0.07373579545454545
04 0.8400000000000001 0.318125 0.04496951219512202 0.04621951219512199
00 0.734375 0.943125 0.03123214285714293 0.03123214285714282
10 0.41812499999999997 0.4325 0.031237499999999974 0.027487499999999998
