15 0.756875 0.785625 0.023733552631578836 0.033733552631578956
01 0.24312499999999998 0.715 0.01874161073825506 0.01999161073825495
14 0.090625 0.32125 0.023706896551724144 0.032456896551724124
01 0.126875 0.675625 0.03124444444444445 0.023744444444444346
18 0.8631249999999999 0.16062500000000002 0.021238095238095167 0.023738095238095253
19 0.233125 0.065625 0.021242977528089846 0.03874297752808989
05 0.171875 0.52125 0.023745098039215706 0.01999509803921562
06 0.103125 0.14375 0.018706896551724125 0.01995689655172414
20 0.455625 0.790625 0.03372844827586208 0.02372844827586218
14 0.8875 0.511875 0.014886363636363753 0.0661363636363636
10 0.7306250000000001 0.21437499999999998 0.013735795454545285 0.01373579545454548
20 0.84125 0.41500000000000004 0.019969512195121886 0.017469512195121994
