11 0.365625 0.295625 0.048733552631578914 0.03373355263157901
07 0.12125000000000001 0.13187290268456375 0.09999161073825505 0.02874580536912752
15 0.8175 0.13874999999999998 0.05995689655172409 0.04245689655172412
10 0.700625 0.79 0.03874444444444436 0.03249444444444438
14 0.500625 0.03 0.028738095238095285 0.022488095238095238
01 0.3975 0.35375 0.04499297752808984 0.03749297752808989
06 0.46187500000000004 0.271875 0.033745098039215715 0.11874509803921568
07 0.746875 0.59375 0.06120689655172418 0.02745689655172412
01 0.129375 0.218125 0.023728448275862055 0.02122844827586204
04 0.49125 0.326875 0.039886363636363664 0.03363636363636363
04 0.9468749999999999 0.40375 0.031235795454545356 0.029985795454545494
11 0.044375 0.8843749999999999 0.03621951219512194 0.03621951219512198
