19 0.080625 0.39437500000000003 0.026233552631578935 0.028733552631578896
15 0.56375 0.9393750000000001 0.024991610738255066 0.028741610738254875
14 0.409375 0.441875 0.03120689655172415 0.02120689655172414
13 0.744375 0.40812499999999996 0.033744444444444355 0.04124444444444447
03 0.80625 0.9762500000000001 0.027488095238095145 0.04248809523809516
04 0.28500000000000003 0.7887500000000001 0.02999297752808988 0.022492977528089875
04 0.953125 0.903125 0.02624509803921571 0.02374509803921565
15 0.35750000000000004 0.6312500000000001 0.03995689655172413 0.032456896551724124
14 0.144375 0.041249999999999995 0.028728448275862073 0.019978448275862072
07 0.593125 0.175625 0.03613636363636363 0.008636363636363664
13 0.5349999999999999 0.34125 0.08998579545454544 0.07498579545454542
15 0.935 0.39125 0.009969512195121877 0.019969512195121997
10 0.44937499999999997 0.5487500000000001 0.028732142857142817 0.019982142857142837
14 0.278125 0.49812500000000004 0.043737499999999985 0.04123750000000004
