20 0.049375 0.28125 0.02623355263157895 0.022483552631578974
07 0.5762479026845637 0.160625 0.047495805369127564 0.10624161073825504
03 0.96875 0.048125 0.01745689655172411 0.026206896551724146
11 0.38 0.08625 0.03249444444444449 0.03249444444444445
13 0.401875 0.653125 0.05373809523809525 0.03623809523809518
03 0.40312499999999996 0.35624999999999996 0.031242977528089855 0.019992977528089872
03 0.38687499999999997 0.51 0.05874509803921574 0.027495098039215682
08 0.65875 0.26187499999999997 0.00995689655172416 0.01870689655172414
00 0.23374999999999999 0.5706249999999999 0.03747844827586205 0.03122844827586213
07 0.9043749999999999 0.8474999999999999 0.07863636363636373 0.0798863636363637
00 0.208125 0.104375 0.026235795454545463 0.016235795454545468
14 0.73875 0.696875 0.014969512195121992 0.033719512195121926
