20 0.264375 0.703125 0.028733552631579007 0.021233552631579
03 0.1925 0.6112500000000001 0.03499161073825505 0.05499161073825498
20 0.7931250000000001 0.241875 0.023706896551724088 0.023706896551724116
04 0.100625 0.18625 0.02874444444444446 0.019994444444444426
00 0.3325 0.963125 0.027488095238095256 0.02623809523809517
14 0.780625 0.31375 0.046242977528089924 0.03749297752808983
09 0.1375 0.241875 0.04749509803921567 0.07124509803921567
06 0.113125 0.8425 0.06870689655172414 0.06245689655172415
16 0.315 0.35562499999999997 0.03497844827586205 0.0562284482758621
16 0.8 0.391875 0.03488636363636377 0.0586363636363636
13 0.22375 0.7250000000000001 0.02248579545454546 0.02248579545454532
03 0.801875 0.934375 0.09621951219512193 0.03121951219512198
04 0.733125 0.7525 0.03123214285714282 0.022482142857142784
