11 0.875 0.11812500000000001 0.02498355263157892 0.021233552631578945
06 0.6237499999999999 0.785625 0.059991610738254986 0.03374161073825488
20 0.7825 0.110625 0.014956896551724164 0.013706896551724135
13 0.568125 0.135625 0.08374444444444451 0.06624444444444444
12 0.169375 0.3375 0.016238095238095274 0.029988095238095258
06 0.619375 0.734375 0.011242977528089781 0.02124297752808979
06 0.874375 0.7699987745098039 0.03624509803921572 0.029997549019607828
02 0.556875 0.240625 0.02120689655172414 0.013706896551724135
01 0.67 0.5475 0.022478448275862206 0.022478448275861984
00 0.29125 0.8049999999999999 0.022386363636363704 0.0173863636363637
20 0.37375 0.82375 0.017485795454545483 0.012485795454545312
12 0.29625 0.11812500000000001 0.027469512195122003 0.031219512195121937
01 0.15375 0.396875 0.027482142857142844 0.01873214285714281
