20 0.43625 0.70875 0.022483552631578918 0.019983552631578916
13 0.131875 0.8206249999999999 0.058741610738255054 0.04874161073825489
06 0.6231249999999999 0.06874999999999999 0.01370689655172408 0.04995689655172413
14 0.45375 0.410625 0.01749444444444448 0.031244444444444464
03 0.21375 0.61 0.014988095238095273 0.012488095238095243
20 0.5206249999999999 0.136875 0.023742977528089848 0.0187429775280899
00 0.01625 0.109375 0.02249509803921569 0.0162450980392157
04 0.970625 0.69625 0.026206896551724146 0.01745689655172411
03 0.965 0.6368750000000001 0.012478448275862197 0.0487284482758622
14 0.943125 0.60375 0.02113636363636373 0.014886363636363642
09 0.609375 0.938125 0.04623579545454537 0.03623579545454536
