03 0.88125 0.26125 0.09748355263157893 0.07748355263157897
08 0.555625 0.329375 0.0912416107382551 0.061241610738255015
06 0.77625 0.580625 0.08245689655172406 0.09870689655172404
03 0.810625 0.1875 0.10624444444444436 0.06499444444444444
07 0.6675 0.44625000000000004 0.044988095238095105 0.06248809523809523
09 0.50125 0.060625000000000005 0.07749297752808987 0.0837429775280899
00 0.878125 0.953125 0.03374509803921566 0.021245098039215593
14 0.1425 0.903125 0.04745689655172412 0.026206896551724146
03 0.065 0.156875 0.04497844827586207 0.026228448275862043
06 0.81875 0.45875 0.06238636363636374 0.027386363636363598
