11 0.66 0.9606250000000001 0.03498355263157893 0.02873355263157895
09 0.468125 0.584375 0.04624161073825506 0.028741610738254986
18 0.218125 0.161875 0.023706896551724116 0.026206896551724118
08 0.551875 0.36375 0.013744444444444559 0.057494444444444515
13 0.0825 0.3975 0.12998809523809524 0.05248809523809528
02 0.60875 0.36750000000000005 0.02749297752808988 0.062492977528089855
20 0.294375 0.56 0.038745098039215664 0.03499509803921563
08 0.23875 0.369375 0.03995689655172413 0.05120689655172411
16 0.23249999999999998 0.28 0.042478448275862085 0.052478448275862066
00 0.756875 0.225625 0.028636363636363682 0.018636363636363673
