19 0.1325 0.20750000000000002 0.08248355263157896 0.04998355263157897
08 0.303125 0.6756249999999999 0.02874161073825504 0.07624161073825497
01 0.5718749999999999 0.8049999999999999 0.053706896551724115 0.04495689655172408
02 0.6725 0.515 0.07249444444444442 0.07999444444444448
03 0.40125 0.12625 0.0824880952380953 0.05748809523809523
11 0.84375 0.188125 0.07499297752808975 0.07374297752808986
11 0.346875 0.2575 0.06374509803921569 0.03499509803921566
06 0.2475 0.8262499999999999 0.009956896551724131 0.17745689655172414
11 0.3675 0.88625 0.06497844827586208 0.05247844827586223
01 0.215625 0.6775 0.05613636363636368 0.04238636363636372
01 0.609375 0.743125 0.03873579545454553 0.0287357954545453
