03 0.764375 0.60625 0.02873355263157895 0.01748355263157897
03 0.150625 0.829375 0.013741610738255056 0.03374161073825488
04 0.055625 0.605 0.018706896551724153 0.01745689655172411
03 0.874375 0.06625 0.033744444444444355 0.02749444444444444
14 0.549375 0.104375 0.016238095238095274 0.02373809523809524
03 0.35562499999999997 0.335625 0.021242977528089846 0.023742977528089848
13 0.7075 0.688125 0.04499509803921575 0.03624509803921572
00 0.21875 0.490625 0.022456896551724115 0.016206896551724137
03 0.42125 0.306875 0.03497844827586205 0.021228448275862066
16 0.529375 0.14125 0.016136363636363615 0.027386363636363625
03 0.36812500000000004 0.6443749999999999 0.011235795454545505 0.011235795454545339
