11 0.919375 0.8575 0.05873355263157898 0.037483552631578876
06 0.055625 0.19 0.026241610738255025 0.14749161073825504
01 0.7181249999999999 0.716875 0.053706896551724115 0.0387068965517241
10 0.16749999999999998 0.735625 0.04749444444444445 0.041244444444444306
16 0.2475 0.309375 0.05748809523809528 0.07873809523809527
09 0.35625 0.09 0.06499297752808986 0.059992977528089894
03 0.7862499999999999 0.140625 0.042495098039215695 0.11374509803921569
11 0.284375 0.799375 0.04870689655172411 0.043706896551724106
14 0.756875 0.94125 0.03372844827586219 0.06497844827586219
07 0.965 0.915 0.03238636363636371 0.047386363636363726
08 0.32437499999999997 0.5687500000000001 0.056235795454545434 0.08748579545454549
05 0.68625 0.514375 0.06996951219512193 0.03121951219512198
14 0.946875 0.26187499999999997 0.04873214285714278 0.06873214285714285
03 0.385 0.5825 0.03748750000000001 0.05248750000000002
