12 0.08249999999999999 0.868125 0.03998355263157895 0.04123355263157891
00 0.41312499999999996 0.1225 0.016241610738255086 0.019991610738255047
19 0.115625 0.785625 0.016206896551724123 0.018706896551724084
13 0.608125 0.86 0.06374444444444449 0.019994444444444426
03 0.6475 0.641875 0.019988095238095305 0.0562380952380952
04 0.76875 0.22375 0.022492977528089875 0.022492977528089847
15 0.314375 0.42625 0.011245098039215695 0.012495098039215724
14 0.12 0.7537499999999999 0.04245689655172413 0.019956896551724168
00 0.485 0.194375 0.019978448275862037 0.018728448275862064
07 0.275625 0.548125 0.0486363636363637 0.04113636363636364
