00 0.093125 0.186875 0.023733552631578947 0.01873355263157897
18 0.271875 0.778125 0.016241610738255086 0.018741610738254866
18 0.57875 0.316875 0.019956896551724057 0.023706896551724144
15 0.558125 0.35562499999999997 0.011244444444444501 0.021244444444444455
10 0.078125 0.3625 0.021238095238095223 0.017488095238095247
20 0.541875 0.665625 0.026242977528089906 0.026242977528089906
03 0.9375 0.515 0.034995098039215744 0.05499509803921576
03 0.571864224137931 0.7737499999999999 0.043728448275861975 0.032456896551724124
07 0.8125 0.253125 0.014978448275862144 0.10622844827586206
16 0.8325 0.14250000000000002 0.03238636363636371 0.029886363636363628
09 0.04375 0.14250000000000002 0.02248579545454546 0.014985795454545453
20 0.9675 0.5956250000000001 0.01746951219512194 0.016219512195121966
09 0.3875 0.94625 0.019982142857142837 0.039982142857142855
06 0.885 0.5743750000000001 0.06998750000000009 0.07623750000000007
