11 0.8512500000000001 0.113125 0.02498355263157881 0.031233552631578954
12 0.1075 0.72375 0.03749161073825505 0.052491610738254924
06 0.9199999999999999 0.490625 0.019956896551724168 0.07870689655172414
00 0.05875 0.113125 0.05249444444444445 0.04124444444444447
10 0.1325 0.29375 0.03498809523809522 0.037488095238095265
05 0.879375 0.2525 0.036242977528089915 0.022492977528089875
01 0.4275 0.875625 0.022495098039215677 0.013745098039215753
09 0.12 0.409375 0.022456896551724115 0.036206896551724155
15 0.62875 0.604375 0.0274784482758621 0.03872844827586208
08 0.436875 0.489375 0.04113636363636358 0.04363636363636364
01 0.49249999999999994 0.145625 0.02998579545454544 0.018735795454545456
15 0.90625 0.406875 0.029969512195122006 0.026219512195121975
14 0.69875 0.5237499999999999 0.032482142857142904 0.04498214285714275
20 0.559375 0.063125 0.02873749999999997 0.0287375
