20 0.923125 0.174375 0.023733552631578947 0.023733552631578975
05 0.836875 0.691875 0.028741610738254875 0.026241610738254928
15 0.275625 0.049375 0.006206896551724128 0.04870689655172414
13 0.201875 0.543125 0.051244444444444426 0.04874444444444448
18 0.608125 0.30062500000000003 0.01873809523809522 0.021238095238095223
04 0.48875 0.776875 0.02249297752808982 0.018742977528089844
04 0.571875 0.200625 0.02624509803921571 0.018745098039215702
07 0.11937500000000001 0.045614224137931036 0.04620689655172412 0.021228448275862066
03 0.5237446120689655 0.545 0.009989224137931019 0.01747844827586209
15 0.175625 0.28375 0.02613636363636368 0.022386363636363704
