04 0.2575 0.611875 0.024983552631578948 0.023733552631578836
04 0.571875 0.12062500000000001 0.023741610738255092 0.02374161073825505
18 0.889375 0.243125 0.016206896551724137 0.01870689655172414
14 0.87375 0.29875 0.03249444444444438 0.019994444444444426
13 0.18375 0.06499702380952381 0.04498809523809527 0.02749404761904762
07 0.3975 0.53 0.012492977528089866 0.029992977528089826
20 0.505 0.3675 0.012495098039215724 0.009995098039215722
14 0.951260775862069 0.6231249999999999 0.022478448275862095 0.023706896551724088
01 0.265 0.024375 0.014978448275862088 0.013728448275862074
14 0.7749715909090908 0.25687499999999996 0.024943181818181892 0.01613636363636367
12 0.241875 0.15500000000000003 0.028735795454545437 0.029985795454545466
