12 0.548125 0.263125 0.026233552631578894 0.033733552631578956
06 0.08937500000000001 0.19125 0.02124161073825505 0.014991610738255057
08 0.7481249999999999 0.673125 0.023706896551724088 0.03120689655172415
05 0.266875 0.25375000000000003 0.01624444444444445 0.027494444444444432
20 0.268125 0.91125 0.02873809523809523 0.027488095238095145
12 0.6712499999999999 0.93625 0.03499297752808983 0.02499297752808982
20 0.5075000000000001 0.9043749999999999 0.01749509803921573 0.013745098039215642
20 0.40375 0.038125000000000006 0.019956896551724168 0.018706896551724143
03 0.308125 0.833125 0.02372844827586207 0.026228448275862126
14 0.81375 0.8356250000000001 0.029886363636363766 0.036136363636363744
11 0.39125 0.014375 0.022485795454545487 0.026235795454545456
