20 0.665 0.48062499999999997 0.027483552631578867 0.02623355263157895
14 0.595625 0.5531250000000001 0.056241610738255066 0.04124161073825505
03 0.116875 0.918125 0.04620689655172412 0.05620689655172417
06 0.651875 0.406875 0.0787444444444444 0.08374444444444451
10 0.078125 0.185 0.02873809523809523 0.01998809523809525
02 0.3275 0.445 0.03749297752808983 0.05499297752808985
00 0.15187499999999998 0.605 0.0487450980392157 0.03749509803921569
18 0.958125 0.6699999999999999 0.03120689655172404 0.032456896551724124
00 0.22875 0.66875 0.04247844827586206 0.042478448275862224
16 0.739375 0.218125 0.043636363636363695 0.06113636363636368
10 0.576875 0.0825 0.02123579545454546 0.019985795454545457
16 0.05625 0.685 0.049969512195121954 0.057469512195121975
