08 0.275625 0.58125 0.023733552631578947 0.04998355263157894
14 0.604375 0.78375 0.05374161073825512 0.032491610738254906
11 0.856875 0.32437499999999997 0.0337068965517241 0.023706896551724144
14 0.6725 0.095625 0.07499444444444436 0.02624444444444446
10 0.6225 0.5543750000000001 0.02498809523809531 0.023738095238095336
11 0.118125 0.29625 0.031242977528089882 0.029992977528089826
05 0.389375 0.1175 0.02874509803921571 0.03499509803921569
09 0.87 0.9437500000000001 0.049956896551724084 0.05245689655172414
18 0.793125 0.843125 0.021228448275862233 0.02372844827586218
13 0.186875 0.25625000000000003 0.13113636363636363 0.09238636363636368
15 0.5375000000000001 0.169375 0.037485795454545445 0.031235795454545467
06 0.9043749999999999 0.54125 0.023719512195122028 0.014969512195121992
20 0.639375 0.129375 0.028732142857142873 0.021232142857142852
