01 0.31375 0.828125 0.04498355263157894 0.04623355263157891
14 0.768125 0.815 0.02374161073825498 0.03999161073825486
01 0.259375 0.79 0.05120689655172411 0.02745689655172412
12 0.421875 0.535625 0.11624444444444448 0.053744444444444484
05 0.2625 0.9606250000000001 0.02248809523809525 0.058738095238095034
11 0.229375 0.5225 0.05624297752808982 0.04499297752808984
11 0.5093749999999999 0.239375 0.04374509803921567 0.046245098039215726
08 0.844375 0.630625 0.07620689655172419 0.053706896551724115
13 0.168125 0.566875 0.09622844827586206 0.08622844827586207
04 0.28500000000000003 0.9762500000000001 0.042386363636363666 0.02738636363636371
07 0.043125 0.830625 0.033735795454545456 0.06873579545454522
03 0.0775 0.21999999999999997 0.024969512195121946 0.03246951219512198
05 0.1512544642857143 0.28312499999999996 0.03749107142857144 0.05373214285714284
