03 0.1375 0.576875 0.022483552631578946 0.03873355263157885
00 0.04875 0.7462500000000001 0.03749161073825503 0.029991610738254848
10 0.6312500000000001 0.033125 0.022456896551724115 0.01620689655172413
14 0.12 0.50875 0.027494444444444474 0.07249444444444447
05 0.8668750000000001 0.74875 0.02623809523809506 0.037488095238095154
06 0.9537500000000001 0.494375 0.012492977528089866 0.03874297752808986
01 0.42375 0.684375 0.022495098039215677 0.02374509803921565
14 0.7262500000000001 0.356875 0.04245689655172413 0.023706896551724088
13 0.916875 0.8731249999999999 0.06872844827586211 0.10122844827586219
07 0.16312500000000002 0.808125 0.03363636363636366 0.04613636363636375
20 0.764375 0.6543749999999999 0.021235795454545348 0.023735795454545294
10 0.79375 0.5625 0.03746951219512196 0.029969512195122006
03 0.9750000000000001 0.2306205357142857 0.039982142857142855 0.026241071428571405
11 0.6775 0.09812499999999999 0.039987500000000065 0.028737500000000013
