01 0.27125 0.311875 0.03998355263157899 0.0337335526315789
07 0.11 0.73875 0.044991610738255056 0.014991610738254835
18 0.28875 0.48 0.019956896551724168 0.022456896551724115
02 0.39937500000000004 0.8981250000000001 0.05124444444444448 0.041244444444444306
00 0.9043749999999999 0.7025 0.04623809523809508 0.04248809523809505
04 0.86375 0.5900000000000001 0.039992977528089835 0.02499297752808982
03 0.25375000000000003 0.36812500000000004 0.0449950980392157 0.018745098039215702
18 0.53125 0.06375 0.022456896551724226 0.024956896551724145
10 0.880625 0.534375 0.03122844827586224 0.026228448275862015
15 0.38875000000000004 0.4325 0.03988636363636361 0.024886363636363595
04 0.113125 0.954375 0.028735795454545465 0.023735795454545294
14 0.146875 0.37124999999999997 0.056219512195121946 0.02996951219512195
11 0.40812499999999996 0.108125 0.038732142857142826 0.028732142857142873
06 0.255 0.77125 0.11498750000000002 0.07498749999999998
