04 0.924375 0.14125 0.031233552631578898 0.02748355263157895
15 0.400625 0.6125 0.033741610738255046 0.04499161073825497
14 0.8225 0.328125 0.022456896551724115 0.018706896551724084
11 0.238125 0.9225000000000001 0.038744444444444415 0.027494444444444377
03 0.474375 0.30062500000000003 0.03623809523809529 0.0437380952380953
08 0.739375 0.3268732443820225 0.043742977528089755 0.028746488764044953
06 0.36312500000000003 0.3975 0.0812450980392157 0.0474950980392157
13 0.04000000000000001 0.454989224137931 0.07495689655172415 0.05997844827586207
03 0.22625 0.44937499999999997 0.017478448275862063 0.028728448275862017
14 0.718125 0.03937499999999999 0.03113636363636374 0.04613636363636363
11 0.481875 0.964375 0.031235795454545467 0.031235795454545356
03 0.24625000000000002 0.51125 0.03246951219512198 0.027469512195122003
03 0.8887499999999999 0.66875 0.022482142857142784 0.07748214285714283
18 0.18312499999999998 0.32 0.023737499999999995 0.02498750000000005
