03 0.28 0.18937500000000002 0.03248355263157893 0.02873355263157898
15 0.364375 0.170625 0.03874161073825505 0.03624161073825505
02 0.04 0.315625 0.017456896551724138 0.0387068965517241
03 0.806875 0.37124999999999997 0.026244444444444293 0.02999444444444449
04 0.353125 0.16875 0.036238095238095236 0.027488095238095256
04 0.536875 0.9156249999999999 0.026242977528089906 0.023742977528089848
02 0.44 0.25125000000000003 0.052495098039215704 0.032495098039215714
11 0.2375 0.10250000000000001 0.022456896551724143 0.029956896551724135
07 0.06938038793103449 0.8956249999999999 0.058739224137931034 0.0487284482758622
03 0.94875 0.6737500000000001 0.022386363636363704 0.047386363636363726
03 0.715625 0.345625 0.02623579545454524 0.05623579545454549
18 0.9575 0.035 0.019969512195121997 0.02246951219512195
01 0.93875 0.3675 0.03498214285714285 0.03498214285714285
