03 0.14250000000000002 0.756875 0.024983552631578948 0.051233552631578916
03 0.321875 0.32625000000000004 0.02624161073825504 0.03249161073825507
12 0.506875 0.230625 0.0387068965517241 0.04620689655172411
16 0.5575 0.761875 0.029994444444444435 0.05374444444444437
14 0.468125 0.45625 0.041238095238095296 0.03248809523809526
03 0.73375 0.731875 0.03749297752808989 0.018742977528089955
12 0.35 0.311875 0.0449950980392157 0.04874509803921567
06 0.2525 0.52625 0.04495689655172411 0.15495689655172407
05 0.6481250000000001 0.7949999999999999 0.03872844827586208 0.02747844827586221
03 0.165 0.185625 0.052386363636363675 0.05863636363636365
03 0.729375 0.27749999999999997 0.023735795454545405 0.027485795454545492
11 0.180625 0.6925 0.03371951219512198 0.03246951219512195
01 0.73875 0.805625 0.05998214285714276 0.04123214285714283
18 0.143125 0.369375 0.026237500000000025 0.028737500000000027
