02 0.35375 0.096875 0.014983552631578911 0.018733552631578942
03 0.6875 0.0375 0.027491610738255012 0.01999161073825503
01 0.33562499999999995 0.20124999999999998 0.01870689655172414 0.017456896551724138
04 0.224375 0.4925 0.02374444444444443 0.02499444444444443
12 0.503125 0.31937499999999996 0.026238095238095283 0.028738095238095285
05 0.351875 0.23625000000000002 0.01374297752808984 0.03499297752808986
18 0.7693749999999999 0.911875 0.013745098039215642 0.0162450980392157
00 0.7418750000000001 0.5956250000000001 0.018706896551724195 0.02120689655172414
12 0.190625 0.969375 0.021228448275862066 0.04122844827586225
13 0.686875 0.045 0.09863636363636363 0.04988636363636364
06 0.80375 0.9374964488636364 0.054985795454545294 0.04999289772727267
00 0.65125 0.838125 0.029969512195122006 0.026219512195121975
13 0.62375 0.19624999999999998 0.047482142857142806 0.08248214285714286
