05 0.42375411184210526 0.631875 0.034991776315789425 0.043733552631578854
15 0.799375 0.375625 0.018741610738254866 0.043741610738255055
08 0.42561422413793104 0.14125 0.043728448275862086 0.05245689655172413
03 0.92125 0.69625 0.029994444444444435 0.02499444444444432
05 0.260625 0.44 0.031238095238095287 0.029988095238095314
13 0.745 0.10875000000000001 0.06749297752808991 0.08999297752808989
03 0.255 0.808125 0.06499509803921569 0.018745098039215646
04 0.810625 0.28625 0.0387068965517241 0.032456896551724124
12 0.10250000000000001 0.135625 0.03747844827586207 0.04872844827586208
01 0.0775 0.45125 0.03238636363636363 0.027386363636363598
07 0.548125 0.4925 0.04373579545454542 0.009985795454545476
