03 0.19937500000000002 0.7050000000000001 0.02873355263157898 0.0624835526315789
07 0.728125 0.45625 0.08624161073825487 0.024991610738255066
18 0.5700000000000001 0.400625 0.029956896551724177 0.0337068965517241
06 0.19125 0.1575 0.019994444444444426 0.042494444444444446
11 0.09937499999999999 0.538125 0.041238095238095226 0.0462380952380953
10 0.865 0.11124999999999999 0.03749297752808989 0.039992977528089876
11 0.086875 0.18125 0.03874509803921569 0.03999509803921569
12 0.9612499999999999 0.686875 0.06745689655172404 0.08870689655172415
02 0.9043749999999999 0.786875 0.05122844827586215 0.053728448275862206
11 0.96 0.964375 0.04988636363636367 0.033636363636363686
