14 0.291875 0.608125 0.018733552631578942 0.02873355263157895
07 0.6925 0.629375 0.042491610738254915 0.03374161073825499
03 0.46687500000000004 0.7749999999999999 0.01870689655172414 0.022456896551724115
11 0.88 0.8025 0.039994444444444444 0.022494444444444373
08 0.498125 0.8668750000000001 0.0612380952380952 0.02623809523809506
10 0.15812500000000002 0.20124999999999998 0.01874297752808987 0.017492977528089843
13 0.175 0.8325 0.0824950980392157 0.034995098039215744
04 0.39937500000000004 0.6174999999999999 0.0362068965517241 0.022456896551724115
08 0.9325 0.810625 0.022478448275862206 0.053728448275862206
20 0.349375 0.038125 0.02113636363636362 0.023636363636363632
