03 0.705 0.28125 0.014983552631578911 0.04248355263157899
05 0.7150000000000001 0.276875 0.0274916107382549 0.031241610738255043
18 0.7325 0.255 0.01745689655172411 0.01995689655172414
09 0.051875 0.38 0.026244444444444445 0.05499444444444446
11 0.450625 0.199375 0.023738095238095225 0.018738095238095276
05 0.7637499999999999 0.9099999999999999 0.012492977528089866 0.02499297752808982
13 0.6018749999999999 0.356875 0.05124509803921573 0.03374509803921566
15 0.343125 0.156875 0.0387068965517241 0.033706896551724125
03 0.44 0.464375 0.03497844827586205 0.041228448275862084
07 0.2844034090909091 0.800625 0.031193181818181814 0.09363636363636374
17 0.5487500000000001 0.975625 0.02498579545454549 0.026235795454545352
