20 0.621875 0.04125 0.04873355263157897 0.03998355263157895
08 0.421875 0.50625 0.06124161073825507 0.04749161073825503
03 0.7875 0.4275 0.039956896551724075 0.02745689655172412
15 0.735 0.241875 0.03249444444444438 0.033744444444444466
07 0.7224999999999999 0.795625 0.06748809523809507 0.05373809523809514
00 0.270625 0.879375 0.061242977528089854 0.043742977528089866
04 0.631875 0.09 0.05124509803921573 0.047495098039215686
15 0.94625 0.955 0.03745689655172413 0.02745689655172412
01 0.4525 0.400625 0.04247844827586206 0.031228448275862075
08 0.9175 0.84875 0.07738636363636375 0.04488636363636367
04 0.9281250000000001 0.1575 0.05373579545454532 0.04248579545454545
09 0.11375 0.143125 0.04746951219512194 0.046219512195121965
14 0.7075 0.5331250000000001 0.11998214285714282 0.03873214285714288
03 0.5575 0.63 0.1499875 0.09248750000000006
