13 0.16312500000000002 0.2425 0.07123355263157896 0.05248355263157897
00 0.326875 0.320625 0.023741610738255037 0.021241610738255035
03 0.170625 0.16562500000000002 0.06120689655172412 0.033706896551724125
08 0.0625 0.973125 0.04249444444444446 0.0212444444444444
08 0.770625 0.385 0.021238095238095056 0.06498809523809523
00 0.50625 0.5018750000000001 0.029992977528089826 0.0212429775280899
10 0.080625 0.9075 0.023745098039215692 0.022495098039215677
07 0.484375 0.479375 0.028706896551724093 0.02120689655172414
04 0.30374999999999996 0.95875 0.029978448275862102 0.02747844827586221
03 0.509375 0.1825 0.05613636363636365 0.04738636363636364
01 0.7106250000000001 0.26249999999999996 0.02623579545454524 0.022485795454545487
01 0.61 0.884375 0.012469512195121935 0.011219512195121961
13 0.23562499999999997 0.31562500000000004 0.05123214285714281 0.08623214285714281
