11 0.46562499999999996 0.184375 0.02373355263157889 0.026233552631578977
12 0.755625 0.543125 0.02374161073825487 0.048741610738255
11 0.270625 0.42500000000000004 0.018706896551724084 0.019956896551724113
03 0.65875 0.273125 0.047494444444444395 0.02874444444444446
03 0.0625 0.5843750000000001 0.01748809523809524 0.058738095238095256
09 0.294375 0.353125 0.0212429775280899 0.023742977528089848
04 0.013125000000000001 0.0875 0.02124509803921569 0.017495098039215687
02 0.8731249999999999 0.639375 0.02120689655172414 0.07370689655172413
18 0.54125 0.54375 0.014978448275862144 0.01747844827586198
12 0.318125 0.629375 0.023636363636363622 0.026136363636363624
06 0.190625 0.635 0.04623579545454545 0.019985795454545374
