19 0.739375 0.035 0.016233552631578885 0.03498355263157895
10 0.561875 0.83625 0.023741610738255092 0.022491610738254897
08 0.73 0.28874999999999995 0.012456896551724106 0.024956896551724117
05 0.059375000000000004 0.4075 0.026244444444444445 0.0374944444444445
12 0.224375 0.6756249999999999 0.04123809523809527 0.041238095238095185
04 0.036875000000000005 0.323125 0.03374297752808989 0.02624297752808985
05 0.213125 0.9693750000000001 0.03874509803921569 0.021245098039215704
07 0.80125 0.2975 0.03745689655172413 0.032456896551724124
03 0.429375 0.353125 0.036228448275862024 0.03372844827586202
03 0.619375 0.27812499999999996 0.013636363636363669 0.11613636363636365
01 0.43374999999999997 0.489375 0.014985795454545425 0.01123579545454545
14 0.13624237804878048 0.58 0.00998475609756097 0.03246951219512195
