20 0.294375 0.019999999999999997 0.03123355263157901 0.024983552631578945
07 0.6231249999999999 0.936875 0.03624161073825494 0.10374161073825494
08 0.6168750000000001 0.470625 0.036206896551724044 0.043706896551724106
09 0.23875000000000002 0.5856250000000001 0.03249444444444441 0.03874444444444458
03 0.888125 0.499375 0.04373809523809513 0.01873809523809533
18 0.79125 0.29000000000000004 0.022492977528089764 0.024992977528089877
20 0.36812500000000004 0.433125 0.026245098039215653 0.018745098039215702
07 0.5706249999999999 0.638125 0.03870689655172421 0.04870689655172422
03 0.09125 0.67875 0.022478448275862067 0.03497844827586227
18 0.9043749999999999 0.576875 0.026136363636363735 0.02863636363636357
12 0.6287499999999999 0.6025 0.07248579545454537 0.06998579545454542
10 0.041249999999999995 0.30874999999999997 0.062469512195121944 0.01996951219512194
20 0.3075 0.920625 0.02248214285714284 0.02123214285714281
13 0.48062499999999997 0.63375 0.018737500000000018 0.11498750000000002
