06 0.6493708881578947 0.68875 0.03374177631578945 0.057483552631578894
03 0.44 0.6331249999999999 0.01999161073825506 0.06124161073825496
14 0.975 0.075625 0.029956896551724066 0.038706896551724136
03 0.17125 0.130625 0.01749444444444445 0.048744444444444465
14 0.785625 0.6425000000000001 0.01873809523809511 0.029988095238095203
10 0.59875 0.593125 0.019992977528089817 0.018742977528089844
13 0.6881250000000001 0.708125 0.0737450980392157 0.038745098039215664
06 0.1375 0.8162499999999999 0.01995689655172414 0.019956896551724168
07 0.9081250000000001 0.89125 0.01622844827586223 0.04497844827586217
08 0.1 0.495 0.052386363636363634 0.042386363636363555
10 0.411875 0.6443749999999999 0.03373579545454547 0.026235795454545463
06 0.2925 0.414375 0.034969512195121955 0.04871951219512194
04 0.6156250000000001 0.175625 0.03123214285714282 0.028732142857142817
