03 0.290625 0.80125 0.03373355263157901 0.047483552631578885
20 0.9806250000000001 0.61875 0.026241610738254928 0.027491610738255012
16 0.839375 0.076875 0.05120689655172406 0.04870689655172414
09 0.806875 0.474375 0.031244444444444408 0.033744444444444466
12 0.923125 0.724375 0.048738095238095136 0.048738095238095136
12 0.5974999999999999 0.79 0.03499297752808983 0.039992977528089835
14 0.7831250000000001 0.6825000000000001 0.06624509803921563 0.042495098039215695
08 0.075625 0.1775 0.09370689655172412 0.06995689655172413
16 0.690625 0.448125 0.0487284482758622 0.03122844827586202
04 0.083125 0.02375 0.03113636363636363 0.03488636363636363
12 0.241875 0.6975 0.04623579545454548 0.04248579545454534
01 0.41000000000000003 0.65625 0.04246951219512202 0.029969512195122006
15 0.7106250000000001 0.35625 0.0587321428571429 0.029982142857142846
