05 0.150625 0.9212499999999999 0.06623355263157894 0.029983552631578925
06 0.5499999999999999 0.22875 0.18249161073825498 0.014991610738255057
04 0.325 0.634375 0.057456896551724146 0.0387068965517241
01 0.49187499999999995 0.19124999999999998 0.056244444444444486 0.05499444444444443
03 0.294375 0.6856249999999999 0.023738095238095225 0.021238095238095167
03 0.123125 0.121875 0.03874297752808989 0.08624297752808988
04 0.283125 0.95625 0.05874509803921568 0.052495098039215704
20 0.044375 0.8875 0.05120689655172414 0.04495689655172408
07 0.94625 0.79 0.06747844827586225 0.08247844827586215
04 0.9575 0.335625 0.05488636363636368 0.04113636363636364
