04 0.7925 0.07 0.0724835526315789 0.04498355263157895
16 0.6125 0.28812499999999996 0.08749161073825495 0.05624161073825501
10 0.57375 0.8975 0.03495689655172418 0.04745689655172414
13 0.73875 0.7068749999999999 0.06499444444444435 0.06874444444444439
13 0.67625 0.40125 0.07498809523809513 0.16998809523809527
20 0.653125 0.41500000000000004 0.04124297752808992 0.02999297752808988
07 0.815625 0.27625 0.13874509803921564 0.052495098039215704
18 0.971875 0.311875 0.04120689655172416 0.043706896551724106
14 0.063125 0.41312499999999996 0.06622844827586206 0.0562284482758621
15 0.419375 0.760625 0.07613636363636356 0.08613636363636368
15 0.364375 0.48125 0.04373579545454542 0.019985795454545485
04 0.46125000000000005 0.11750000000000001 0.06496951219512198 0.05746951219512195
18 0.110625 0.5325 0.041232142857142884 0.0424821428571428
11 0.33875 0.10999999999999999 0.06748750000000003 0.052487500000000006
