12 0.826875 0.71625 0.043733552631578854 0.054983552631578836
01 0.943125 0.9137500000000001 0.018741610738254977 0.01999161073825484
03 0.064375 0.8756250000000001 0.0037068965517241537 0.03120689655172415
01 0.693125 0.9137500000000001 0.01874444444444434 0.019994444444444315
18 0.97875 0.13 0.017488095238095136 0.01998809523809525
02 0.34687675561797754 0.08249999999999999 0.01374648876404494 0.017492977528089884
01 0.843125 0.44 0.013745098039215753 0.014995098039215726
05 0.225625 0.42 0.01870689655172414 0.032456896551724124
18 0.27749999999999997 0.306875 0.014978448275862088 0.018728448275862064
08 0.01809659090909091 0.8625 0.03369318181818182 0.022386363636363815
11 0.524375 0.170625 0.026235795454545463 0.018735795454545456
10 0.204375 0.391875 0.013719512195121963 0.013719512195121963
03 0.7731250000000001 0.490625 0.016232142857142917 0.01873214285714281
07 0.835 0.891875 0.10748750000000007 0.016237500000000016
