10 0.08687911184210526 0.235 0.043741776315789474 0.017483552631578997
06 0.775 0.24812499999999998 0.01999161073825495 0.023741610738255065
06 0.21437499999999998 0.775625 0.023706896551724116 0.016206896551724137
09 0.62 0.9606250000000001 0.027494444444444488 0.031244444444444297
06 0.874375 0.059375 0.0087380952380951 0.08373809523809524
04 0.535 0.33625 0.02749297752808988 0.019992977528089817
04 0.52 0.6575 0.024995098039215735 0.01999509803921573
03 0.19874999999999998 0.499375 0.06495689655172412 0.0387068965517241
20 0.07250000000000001 0.6925 0.00997844827586207 0.00997844827586225
04 0.419375 0.8125 0.02863636363636357 0.029886363636363766
06 0.8049999999999999 0.9893714488636363 0.05748579545454524 0.01624289772727272
01 0.271875 0.950625 0.023719512195121972 0.026219512195121975
14 0.435 0.339375 0.02498214285714284 0.06373214285714285
14 0.25 0.07187500000000001 0.04248750000000001 0.026237500000000004
