07 0.6550041118421053 0.7112499999999999 0.027491776315789362 0.039983552631578934
20 0.31375 0.38375000000000004 0.022491610738255063 0.01749161073825506
03 0.0625 0.203125 0.022456896551724143 0.05120689655172411
06 0.40125 0.913125 0.08499444444444448 0.07124444444444433
06 0.7262500000000001 0.6581250000000001 0.09498809523809515 0.023738095238095114
13 0.683125 0.52125 0.10874297752808992 0.03499297752808994
15 0.49312500000000004 0.834375 0.02624509803921571 0.028745098039215655
12 0.96 0.5543750000000001 0.03745689655172413 0.03870689655172421
08 0.7493749999999999 0.6637500000000001 0.01622844827586223 0.05247844827586212
12 0.4875 0.41374999999999995 0.04238636363636361 0.034886363636363604
10 0.704375 0.471875 0.0287357954545453 0.02123579545454546
