16 0.310625 0.030625000000000003 0.033733552631578956 0.03873355263157895
06 0.87375 0.626875 0.05749161073825493 0.0537416107382549
01 0.8999999999999999 0.340625 0.022456896551724115 0.02120689655172414
06 0.55125 0.938125 0.012494444444444475 0.023744444444444346
10 0.290625 0.4075 0.018738095238095276 0.014988095238095245
07 0.930625 0.720625 0.05124297752808982 0.05874297752808988
19 0.69625 0.125 0.012495098039215669 0.029995098039215684
05 0.090625 0.7424999999999999 0.023706896551724144 0.02495689655172406
12 0.144375 0.366875 0.02372844827586207 0.05622844827586204
11 0.869375 0.2575 0.028636363636363793 0.019886363636363674
06 0.225 0.806875 0.012485795454545479 0.031235795454545245
