01 0.7375 0.5800000000000001 0.012483552631578854 0.009983552631578907
11 0.706875 0.083125 0.02374161073825487 0.018741610738255032
06 0.059375 0.5800000000000001 0.02120689655172414 0.04495689655172408
16 0.8443750000000001 0.95375 0.02874444444444435 0.022494444444444373
15 0.40125 0.90625 0.019988095238095305 0.02248809523809503
07 0.409375 0.74625 0.018742977528089844 0.049992977528089844
11 0.8556250000000001 0.7124999999999999 0.021245098039215704 0.01999509803921573
08 0.810625 0.865 0.026206896551724146 0.019956896551724057
00 0.905 0.25187499999999996 0.0174784482758622 0.011228448275862057
20 0.91125 0.5118750000000001 0.009886363636363749 0.011136363636363611
