01 0.3025 0.063125 0.02998355263157898 0.026233552631578956
02 0.6637500000000001 0.11000000000000001 0.01999161073825484 0.06249161073825506
10 0.27 0.2 0.03745689655172413 0.022456896551724143
00 0.28625 0.27749999999999997 0.037494444444444386 0.02999444444444438
14 0.8925 0.073125 0.027488095238095145 0.03373809523809523
10 0.90875 0.8775 0.02499297752808982 0.019992977528089928
03 0.044375 0.888125 0.03624509803921568 0.038745098039215775
02 0.21187499999999998 0.753125 0.05370689655172414 0.04120689655172416
13 0.730625 0.654375 0.021228448275862233 0.05622844827586215
13 0.49312500000000004 0.66 0.038636363636363635 0.07988636363636359
