00 0.179375 0.18125 0.04123355263157896 0.024983552631578976
03 0.4125 0.5375 0.09999161073825508 0.05499161073825509
15 0.21375 0.87 0.06495689655172412 0.05245689655172403
05 0.843125 0.108125 0.05374444444444437 0.03874444444444447
07 0.544375 0.5662499999999999 0.19123809523809532 0.06748809523809529
15 0.73 0.605 0.029992977528089826 0.05999297752808985
12 0.786875 0.48125 0.0787450980392157 0.042495098039215695
04 0.944375 0.36124999999999996 0.028706896551724093 0.02995689655172412
11 0.38 0.273125 0.04247844827586206 0.051228448275862065
20 0.5818749999999999 0.783125 0.05363636363636359 0.05113636363636376
00 0.2675 0.171875 0.04248579545454548 0.04373579545454548
01 0.103125 0.06937499999999999 0.04371951219512195 0.03621951219512194
