12 0.785625 0.484375 0.031233552631578898 0.033733552631578956
01 0.27 0.9299999999999999 0.022491610738255063 0.017491610738254892
03 0.630625 0.43875 0.05870689655172412 0.02245689655172417
12 0.7375 0.41812499999999997 0.04249444444444428 0.04374444444444453
20 0.814375 0.926875 0.028738095238095118 0.031238095238095065
06 0.045625 0.6187499999999999 0.021242977528089887 0.032492977528089884
20 0.208125 0.675625 0.018745098039215702 0.0162450980392157
06 0.943125 0.659375 0.01370689655172419 0.08370689655172414
04 0.690625 0.7525 0.03122844827586213 0.022478448275862206
17 0.33062499999999995 0.249375 0.038636363636363635 0.03613636363636366
13 0.9299999999999999 0.22499999999999998 0.0499857954545454 0.06748579545454544
