07 0.843125 0.36250000000000004 0.07873355263157888 0.04998355263157889
06 0.316875 0.9368749999999999 0.021241610738255035 0.1212416107382549
14 0.676875 0.823125 0.07120689655172407 0.06620689655172418
04 0.550625 0.10250000000000001 0.05874444444444449 0.04749444444444445
18 0.31062500000000004 0.884375 0.0437380952380953 0.04623809523809519
04 0.94375 0.700625 0.0474929775280899 0.043742977528089866
04 0.67875 0.08249999999999999 0.05499509803921565 0.04999509803921569
01 0.8325 0.925625 0.03745689655172413 0.026206896551724146
08 0.06 0.9125000000000001 0.06497844827586208 0.03747844827586222
12 0.43437499999999996 0.2725 0.08113636363636362 0.06738636363636366
18 0.8225 0.2925 0.03998579545454528 0.04248579545454545
18 0.301875 0.7325 0.04121951219512199 0.04246951219512196
00 0.8625 0.665 0.057482142857142815 0.0424821428571428
