04 0.30999999999999994 0.09062499999999998 0.052483552631578945 0.038733552631578946
08 0.051875000000000004 0.5325 0.06624161073825505 0.05749161073825504
07 0.1125 0.91625 0.07995689655172414 0.07745689655172416
18 0.065 0.373125 0.039994444444444444 0.043744444444444475
06 0.235625 0.765 0.13873809523809527 0.062488095238095065
00 0.39249999999999996 0.4 0.04749297752808984 0.02999297752808988
11 0.319375 0.589375 0.06374509803921569 0.038745098039215664
17 0.09437499999999999 0.6681250000000001 0.08120689655172414 0.07370689655172413
00 0.72875 0.51625 0.03497844827586216 0.03747844827586205
09 0.383125 0.6356250000000001 0.07863636363636362 0.08863636363636374
06 0.338125 0.65625 0.1962357954545455 0.08748579545454538
02 0.19124999999999998 0.498125 0.03496951219512198 0.08871951219512197
