20 0.8356250000000001 0.1325 0.01123355263157888 0.014983552631578939
10 0.515 0.130625 0.027491610738255012 0.02624161073825504
14 0.270625 0.931875 0.03120689655172415 0.02120689655172414
00 0.861875 0.405625 0.026244444444444404 0.02124444444444451
06 0.924375 0.539375 0.021238095238095167 0.07373809523809527
02 0.171875 0.26 0.03874297752808986 0.032492977528089884
00 0.765 0.36 0.024995098039215735 0.022495098039215677
05 0.99125 0.6012500000000001 0.012456896551724106 0.032456896551724124
11 0.7175 0.819375 0.029978448275862157 0.04122844827586214
10 0.78 0.048125 0.024886363636363762 0.021136363636363634
