13 0.11249999999999999 0.31875 0.08248355263157896 0.05498355263157895
16 0.530625 0.693125 0.0337416107382551 0.036241610738254826
10 0.87875 0.461875 0.02745689655172412 0.02120689655172414
08 0.15437499999999998 0.8975 0.04374444444444445 0.022494444444444373
20 0.69625 0.9181250000000001 0.02248809523809514 0.021238095238095167
14 0.625 0.2575 0.009992977528089808 0.05999297752808985
13 0.396875 0.101875 0.05874509803921568 0.061245098039215684
03 0.97 0.3275 0.014956896551724164 0.024956896551724117
01 0.38875000000000004 0.550625 0.027478448275862044 0.018728448275862064
03 0.405625 0.16875 0.05113636363636359 0.02238636363636365
