03 0.419375 0.396875 0.018733552631578942 0.026233552631578894
08 0.58375 0.4125 0.02249161073825512 0.012491610738255055
10 0.635 0.6018749999999999 0.014956896551724164 0.011206896551724133
06 0.4368763888888889 0.868125 0.05624722222222228 0.07624444444444434
03 0.903125 0.76125 0.01873809523809511 0.019988095238095083
15 0.7618732443820224 0.07125 0.021246488764045002 0.03749297752808988
05 0.9325 0.39625 0.034995098039215744 0.02499509803921568
12 0.404385775862069 0.839375 0.043728448275862086 0.0337068965517241
14 0.511875 0.5675 0.018728448275862064 0.03497844827586216
11 0.845 0.446875 0.02738636363636371 0.028636363636363626
