14 0.5700000000000001 0.889375 0.01748355263157897 0.023733552631578947
10 0.565 0.321875 0.014991610738254946 0.016241610738255086
03 0.831885775862069 0.03 0.008728448275862166 0.017456896551724138
07 0.02375138888888889 0.8625 0.02749722222222222 0.022494444444444373
20 0.61875 0.060625 0.02248809523809525 0.01873809523809524
13 0.94125 0.069375 0.039992977528089835 0.036242977528089894
15 0.910625 0.631875 0.02624509803921571 0.013745098039215642
13 0.9081250000000001 0.96625 0.028706896551724204 0.04245689655172413
07 0.8962553879310344 0.9606250000000001 0.059989224137931174 0.013728448275862282
01 0.66125 0.14937499999999998 0.014886363636363642 0.016136363636363643
06 0.776875 0.45687500000000003 0.06373579545454533 0.008735795454545447
02 0.3775 0.093125 0.012469512195121935 0.02871951219512195
02 0.30125 0.354375 0.009982142857142828 0.016232142857142806
