11 0.6812499999999999 0.513125 0.029983552631578925 0.023733552631578836
03 0.250625 0.059375 0.031241610738255043 0.018741610738255025
01 0.826875 0.9893749999999999 0.016206896551724137 0.011206896551724133
15 0.059375 0.4925 0.013744444444444441 0.022494444444444484
13 0.95125 0.424375 0.07998809523809514 0.10123809523809524
20 0.524375 0.23875000000000002 0.03374297752808986 0.02499297752808985
12 0.48 0.13625 0.05749509803921571 0.0324950980392157
12 0.8656250000000001 0.20687499999999998 0.0337068965517241 0.03620689655172413
02 0.40625 0.27375 0.049978448275862064 0.032478448275862104
00 0.103125 0.27812499999999996 0.031136363636363643 0.02613636363636368
