13 0.501875 0.6174999999999999 0.046233552631578856 0.09248355263157892
16 0.598125 0.05812500000000001 0.04374161073825511 0.05124161073825504
18 0.26125 0.30874999999999997 0.024956896551724145 0.02995689655172412
19 0.974375 0.484375 0.02874444444444435 0.04374444444444453
04 0.22625 0.636875 0.037488095238095265 0.028738095238095118
06 0.323125 0.82875 0.12124297752808988 0.0624929775280898
05 0.815625 0.025625000000000002 0.04124509803921572 0.03374509803921569
02 0.48313577586206896 0.42 0.028728448275862073 0.05245689655172414
03 0.47375 0.066875 0.032478448275862104 0.04622844827586207
03 0.824375 0.334375 0.07363636363636372 0.038636363636363635
