13 0.09312499999999999 0.246875 0.06373355263157894 0.088733552631579
01 0.3275 0.255 0.04749161073825503 0.032491610738255045
00 0.0975 0.410625 0.027456896551724133 0.031206896551724095
10 0.7606250000000001 0.321875 0.03874444444444436 0.02624444444444446
13 0.7175 0.154375 0.09498809523809515 0.046238095238095245
00 0.10062499999999999 0.35625 0.04624297752808988 0.04499297752808984
01 0.13187500000000002 0.50875 0.0487450980392157 0.029995098039215684
06 0.33999999999999997 0.849375 0.02245689655172417 0.11870689655172417
18 0.536875 0.343125 0.03122844827586202 0.03372844827586208
18 0.201875 0.891875 0.031136363636363684 0.033636363636363686
07 0.415 0.05 0.06248579545454547 0.01998579545454545
