10 0.848125 0.885 0.02873355263157884 0.027483552631578867
13 0.285625 0.318125 0.03874161073825505 0.06874161073825502
01 0.8175 0.05875 0.022456896551724226 0.022456896551724143
08 0.27937500000000004 0.49687500000000007 0.04374444444444442 0.038744444444444526
03 0.26625 0.746875 0.05248809523809525 0.048738095238095136
13 0.364375 0.349375 0.12624297752808988 0.12374297752808983
03 0.47875 0.723125 0.017495098039215673 0.03374509803921566
03 0.45625 0.7887500000000001 0.032456896551724124 0.07245689655172416
05 0.499375 0.78125 0.028728448275862073 0.032478448275862215
00 0.815 0.019375 0.03488636363636377 0.031136363636363636
11 0.029375 0.32375 0.04623579545454545 0.03498579545454544
