14 0.18937500000000002 0.050625 0.021233552631578972 0.04873355263157895
03 0.7737499999999999 0.84875 0.03999161073825486 0.05749161073825482
04 0.3825 0.7175 0.057456896551724146 0.04495689655172408
13 0.74 0.373125 0.11249444444444434 0.10624444444444447
07 0.6168750000000001 0.24125 0.051238095238095194 0.07248809523809524
00 0.06937499999999999 0.224375 0.05624297752808989 0.051242977528089845
03 0.64375 0.8612500000000001 0.024995098039215624 0.06249509803921571
04 0.320625 0.9 0.04120689655172416 0.049956896551724084
14 0.108125 0.05437499999999999 0.028728448275862073 0.06122844827586207
13 0.1275 0.644375 0.07238636363636364 0.18113636363636365
