07 0.17749588815789474 0.9081250000000001 0.029991776315789476 0.05373355263157886
13 0.05937500000000001 0.151875 0.08624161073825505 0.03874161073825505
14 0.5925 0.9125 0.029956896551724177 0.03495689655172418
10 0.104375 0.861875 0.016244444444444464 0.01874444444444434
10 0.365 0.5975 0.017488095238095247 0.012488095238095243
03 0.48 0.370625 0.034992977528089886 0.02624297752808985
04 0.7112499999999999 0.45375 0.01999509803921573 0.01499509803921567
03 0.95875 0.175 0.049956896551724084 0.017456896551724138
11 0.538125 0.6868749999999999 0.021228448275862122 0.01622844827586223
20 0.253125 0.044375 0.018636363636363673 0.01863636363636363
04 0.828125 0.8999999999999999 0.023735795454545405 0.02248579545454532
