01 0.708125 0.5625 0.011233552631578991 0.009983552631578796
04 0.508125 0.128125 0.02874161073825504 0.03124161073825503
20 0.454375 0.566875 0.01870689655172414 0.016206896551724137
10 0.4075 0.659375 0.02249444444444454 0.023744444444444346
01 0.28874999999999995 0.735625 0.029988095238095258 0.028738095238095118
03 0.29625 0.21500000000000002 0.01749297752808987 0.02749297752808985
06 0.255625 0.13874999999999998 0.06124509803921571 0.024995098039215707
06 0.12062499999999998 0.598739224137931 0.08870689655172413 0.04747844827586212
13 0.41625 0.27249999999999996 0.0849784482758621 0.06997844827586203
18 0.47750000000000004 0.6018749999999999 0.014886363636363587 0.018636363636363673
02 0.755625 0.92875 0.04373579545454531 0.03998579545454539
09 0.66875 0.071875 0.05496951219512203 0.03371951219512194
