14 0.473125 0.79375 0.04373355263157891 0.03498355263157882
06 0.708125 0.478125 0.011241610738254915 0.20124161073825508
06 0.83875 0.29125 0.029956896551724066 0.05995689655172409
11 0.141875 0.049375 0.06624444444444445 0.06874444444444446
15 0.25375000000000003 0.834375 0.10748809523809527 0.10123809523809513
14 0.498125 0.0775 0.0887429775280898 0.05999297752808988
06 0.69 0.798125 0.07999509803921578 0.12124509803921568
07 0.5293749999999999 0.274375 0.0962068965517241 0.1937068965517241
04 0.631875 0.96375 0.07372844827586211 0.03997844827586228
18 0.369375 0.865625 0.05113636363636359 0.053636363636363704
06 0.405625 0.923125 0.11123579545454548 0.09373579545454536
