04 0.169375 0.86375 0.033733552631578956 0.03248355263157887
09 0.788125 0.8275 0.01624161073825492 0.03499161073825485
07 0.436885775862069 0.895625 0.0562284482758621 0.0387068965517241
20 0.21875 0.79375 0.019994444444444426 0.017494444444444368
03 0.7268749999999999 0.15000000000000002 0.01873809523809522 0.02248809523809525
06 0.7275017556179776 0.6056250000000001 0.09249648876404493 0.05624297752808982
10 0.061875 0.9225 0.028745098039215683 0.027495098039215682
15 0.106875 0.0925 0.02370689655172413 0.044956896551724135
18 0.639375 0.759375 0.018728448275862064 0.021228448275862233
06 0.8325 0.18312499999999998 0.06488636363636369 0.028636363636363654
03 0.839375 0.04749644886363637 0.06123579545454527 0.01749289772727273
19 0.258125 0.6125 0.03371951219512201 0.0399695121951219
08 0.2149955357142857 0.5974999999999999 0.01249107142857142 0.012482142857142775
17 0.3025 0.481875 0.034987500000000005 0.033737499999999976
