08 0.746875 0.94625 0.03873355263157896 0.014983552631578911
02 0.20875 0.455625 0.029991610738255042 0.01624161073825503
01 0.7875000000000001 0.65125 0.012456896551724106 0.009956896551724048
09 0.22625 0.704375 0.04499444444444442 0.03874444444444436
10 0.50875 0.93625 0.022488095238095307 0.017488095238095136
08 0.49124999999999996 0.97375 0.03749297752808983 0.039992977528089835
11 0.11124999999999999 0.565625 0.024995098039215694 0.0162450980392157
15 0.7875 0.7150000000000001 0.024956896551724173 0.012456896551724106
04 0.775 0.4125 0.022478448275862206 0.019978448275862093
01 0.8362499999999999 0.42375 0.0173863636363637 0.012386363636363584
19 0.38375000000000004 0.205625 0.024985795454545434 0.016235795454545454
04 0.95875 0.6000000000000001 0.022469512195121943 0.014969512195121992
00 0.49875 0.19 0.02998214285714279 0.02248214285714284
