11 0.94375 0.8843749999999999 0.027483552631578867 0.018733552631578942
08 0.25687499999999996 0.825 0.018741610738255032 0.029991610738254848
07 0.19251077586206897 0.41875 0.024978448275862042 0.01745689655172411
18 0.37187499999999996 0.026875 0.013744444444444504 0.016244444444444443
04 0.661875 0.68375 0.01873809523809511 0.019988095238095083
20 0.535625 0.01 0.018742977528089844 0.01999297752808989
16 0.676875 0.18062499999999998 0.031245098039215602 0.02374509803921568
02 0.588125 0.475 0.02120689655172414 0.03745689655172413
02 0.688125 0.045625 0.01372844827586217 0.02622844827586207
20 0.22875 0.289375 0.012386363636363668 0.013636363636363669
02 0.87 0.695 0.027485795454545325 0.017485795454545316
11 0.13187500000000002 0.71875 0.026219512195121947 0.02496951219512189
10 0.39937500000000004 0.53125 0.02623214285714287 0.019982142857142726
