06 0.636875 0.9512499999999999 0.11123355263157886 0.012483552631578854
09 0.290625 0.055625 0.061241610738255015 0.036241610738255034
02 0.05 0.17562499999999998 0.017456896551724145 0.043706896551724134
12 0.5587500000000001 0.6412499999999999 0.03499444444444444 0.037494444444444386
05 0.433125 0.359375 0.028738095238095285 0.02873809523809523
14 0.40937500000000004 0.43125 0.01624297752808984 0.044992977528089895
01 0.215625 0.43875 0.021245098039215676 0.022495098039215733
07 0.50875 0.805625 0.037456896551724184 0.02120689655172414
05 0.2375 0.7324999999999999 0.03497844827586205 0.01997844827586215
06 0.198125 0.5362499999999999 0.013636363636363669 0.0323863636363636
00 0.86125 0.34125 0.027485795454545325 0.022485795454545432
01 0.17125 0.43374999999999997 0.03746951219512196 0.022469512195122
12 0.728125 0.255625 0.03373214285714288 0.04373214285714286
