03 0.25125 0.495 0.032483552631578955 0.03998355263157888
03 0.426875 0.09 0.03874161073825505 0.04249161073825504
09 0.18937500000000002 0.94 0.05370689655172414 0.03495689655172407
18 0.20124999999999998 0.416875 0.029994444444444407 0.03124444444444452
14 0.7175 0.30562500000000004 0.03248809523809515 0.05373809523809531
11 0.15375 0.166875 0.03499297752808986 0.03624297752808986
18 0.34625 0.96375 0.022495098039215677 0.024995098039215735
00 0.905 0.264375 0.04495689655172408 0.043706896551724134
09 0.8987499999999999 0.639375 0.05747844827586224 0.04122844827586214
02 0.190625 0.2625 0.051136363636363674 0.0173863636363637
11 0.968125 0.68875 0.031235795454545245 0.027485795454545325
08 0.20124999999999998 0.85625 0.057469512195122 0.027469512195121948
03 0.31437499999999996 0.64 0.01873214285714281 0.04248214285714291
20 0.1775 0.155625 0.034987500000000005 0.03873750000000001
