11 0.7325 0.30125 0.047483552631578885 0.027483552631578978
20 0.6131249999999999 0.35187500000000005 0.04124161073825505 0.033741610738255046
01 0.635625 0.6256250000000001 0.03120689655172404 0.03120689655172415
13 0.7693749999999999 0.409375 0.0787444444444444 0.053744444444444484
01 0.631875 0.19874999999999998 0.031238095238095287 0.03248809523809529
03 0.15187499999999998 0.08499999999999999 0.10624297752808987 0.017492977528089884
15 0.323125 0.11125 0.05374509803921568 0.0799950980392157
15 0.043750000000000004 0.776875 0.022456896551724143 0.036206896551724155
01 0.681875 0.74875 0.04122844827586225 0.03747844827586222
12 0.28374999999999995 0.83375 0.04738636363636367 0.07238636363636375
20 0.641875 0.769375 0.03873579545454531 0.03873579545454531
14 0.449375 0.396875 0.026219512195121975 0.028719512195121977
11 0.48 0.18375000000000002 0.05498214285714281 0.047482142857142834
09 0.868125 0.50375 0.043737499999999985 0.03248750000000006
