04 0.38625 0.19625 0.04498355263157888 0.034983552631578985
03 0.075625 0.143125 0.06374161073825504 0.03624161073825505
11 0.6287499999999999 0.359375 0.04245689655172413 0.046206896551724164
10 0.70375 0.275625 0.037494444444444275 0.026244444444444404
03 0.516875 0.398125 0.03623809523809529 0.1037380952380953
14 0.3125 0.18 0.057492977528089906 0.04499297752808987
02 0.885 0.1975 0.04499509803921575 0.042495098039215695
03 0.6481250000000001 0.448125 0.04120689655172416 0.02120689655172414
09 0.7475 0.09312500000000001 0.02747844827586221 0.06372844827586208
14 0.11125 0.871875 0.037386363636363634 0.07363636363636372
06 0.1 0.635625 0.01748579545454547 0.09623579545454541
20 0.124375 0.16562500000000002 0.036219512195121956 0.03371951219512195
07 0.83875 0.6143749999999999 0.07748214285714283 0.05123214285714284
