18 0.430625 0.7068749999999999 0.0362335526315789 0.03873355263157896
06 0.64125 0.63625 0.15499161073825496 0.012491610738254999
09 0.8212607758620689 0.453125 0.07497844827586209 0.05120689655172417
15 0.786875 0.753125 0.0362444444444443 0.033744444444444355
14 0.48250000000000004 0.8887499999999999 0.024988095238095254 0.04748809523809505
18 0.668125 0.714375 0.04124297752808981 0.043742977528089866
20 0.136875 0.11249999999999999 0.04624509803921567 0.034995098039215675
20 0.125625 0.30875 0.03870689655172413 0.04245689655172413
15 0.29875 0.823125 0.05997844827586207 0.046228448275862144
06 0.8712500000000001 0.75 0.11988636363636374 0.09238636363636377
13 0.8625 0.553125 0.062485795454545356 0.11623579545454543
