04 0.20374588815789474 0.224375 0.03749177631578948 0.03123355263157898
03 0.75125 0.93375 0.06499161073825488 0.032491610738254906
14 0.21876077586206896 0.28625 0.04497844827586206 0.06245689655172415
01 0.135 0.77 0.04249444444444446 0.03249444444444438
02 0.715 0.260625 0.037488095238095154 0.0712380952380953
15 0.23125 0.21625 0.019992977528089845 0.03749297752808983
15 0.8775 0.5475 0.024995098039215624 0.0474950980392157
05 0.181875 0.0875 0.046206896551724136 0.027456896551724147
03 0.080625 0.9418696120689656 0.036228448275862066 0.0637392241379311
14 0.073125 0.7375 0.05613636363636364 0.04988636363636367
