18 0.45125000000000004 0.915 0.027483552631578922 0.029983552631578925
01 0.393125 0.881875 0.043741610738255 0.026241610738254928
05 0.06937499999999999 0.16812500000000002 0.02620689655172414 0.043706896551724134
03 0.4475 0.501875 0.05499444444444451 0.09624444444444452
11 0.931875 0.208125 0.04623809523809519 0.038738095238095266
07 0.9556267556179776 0.9175 0.05874648876404487 0.03499297752808983
20 0.965625 0.731875 0.03374509803921566 0.031245098039215713
08 0.32938577586206896 0.038125 0.021228448275862066 0.021206896551724138
01 0.815625 0.45625 0.021228448275862122 0.019978448275862037
13 0.811875 0.475 0.1061363636363637 0.07738636363636359
