15 0.7875 0.245 0.027483552631578867 0.03748355263157899
04 0.958125 0.9337500000000001 0.031241610738254932 0.034991610738254963
06 0.448125 0.586864224137931 0.06120689655172412 0.046228448275862144
04 0.41312499999999996 0.16874999999999998 0.03624444444444447 0.03749444444444444
13 0.08812500000000001 0.9225 0.06623809523809523 0.1399880952380952
14 0.0675 0.75875 0.03499297752808989 0.049992977528089844
10 0.124375 0.3375 0.02374509803921568 0.019995098039215675
06 0.61625 0.653125 0.04495689655172408 0.043706896551724106
11 0.869375 0.468125 0.03372844827586219 0.031228448275862075
06 0.2975 0.6487499999999999 0.14238636363636362 0.0173863636363637
03 0.484375 0.571875 0.06373579545454544 0.033735795454545414
08 0.23625000000000002 0.103125 0.01996951219512197 0.04621951219512194
10 0.5137499999999999 0.049374999999999995 0.0274821428571429 0.023732142857142854
05 0.65875 0.770625 0.04248750000000001 0.033737499999999976
