02 0.5800000000000001 0.7975000000000001 0.039983552631578934 0.0724835526315789
12 0.906875 0.0825 0.06124161073825496 0.05999161073825504
20 0.535625 0.8374999999999999 0.026206896551724146 0.022456896551724115
03 0.5081249999999999 0.694375 0.0737444444444445 0.043744444444444364
16 0.716875 0.8418749999999999 0.0712380952380951 0.05623809523809509
03 0.6399999999999999 0.30125 0.04499297752808984 0.04249297752808984
10 0.836875 0.13875 0.04374509803921567 0.029995098039215698
01 0.8668750000000001 0.391875 0.026206896551724035 0.023706896551724144
06 0.919375 0.611875 0.04122844827586214 0.02372844827586207
04 0.80375 0.808125 0.04988636363636367 0.04613636363636375
05 0.305625 0.35375 0.04623579545454548 0.047485795454545454
06 0.54625 0.275 0.10996951219512191 0.08496951219512197
08 0.11375 0.13375 0.02498214285714287 0.02998214285714286
05 0.320625 0.736875 0.03873749999999998 0.04873749999999999
