00 0.691875 0.570625 0.043733552631578965 0.0362335526315789
18 0.7925 0.203125 0.024991610738254844 0.02624161073825504
03 0.151875 0.250625 0.07370689655172415 0.028706896551724148
15 0.052500000000000005 0.13 0.017494444444444444 0.037494444444444455
00 0.1175 0.21687499999999998 0.032488095238095246 0.028738095238095257
03 0.5231250000000001 0.685 0.026242977528089795 0.03749297752808978
20 0.983125 0.19624999999999998 0.013745098039215642 0.014995098039215699
05 0.02875 0.410625 0.024956896551724138 0.0362068965517241
02 0.9012500000000001 0.569375 0.02747844827586221 0.1212284482758621
06 0.706875 0.448125 0.018636363636363784 0.04113636363636364
11 0.798125 0.9143749999999999 0.03623579545454536 0.0337357954545453
09 0.7581249999999999 0.22999999999999998 0.03871951219512193 0.049969512195121996
04 0.34687500000000004 0.9575 0.04373214285714283 0.039982142857142855
