03 0.113125 0.26937500000000003 0.021233552631578945 0.02623355263157895
18 0.621875 0.561875 0.021241610738255035 0.023741610738255092
18 0.619375 0.01375 0.02120689655172414 0.02245689655172414
07 0.6250013888888888 0.033749999999999995 0.034997222222222235 0.05999444444444444
14 0.825 0.8531249999999999 0.03248809523809515 0.023738095238095114
18 0.143125 0.027500000000000004 0.016242977528089897 0.01999297752808989
11 0.5974999999999999 0.718125 0.02999509803921574 0.028745098039215655
05 0.509375 0.049375 0.021206896551724086 0.03620689655172415
12 0.7175 0.265 0.03497844827586216 0.04747844827586206
03 0.90625 0.588125 0.012386363636363695 0.03613636363636363
08 0.408125 0.678125 0.041235795454545476 0.0287357954545453
