13 0.7949999999999999 0.10874999999999999 0.13748355263157885 0.05998355263157894
20 0.140625 0.9612499999999999 0.02874161073825504 0.029991610738254848
12 0.16 0.9356249999999999 0.05245689655172414 0.053706896551724115
00 0.260625 0.295625 0.053744444444444456 0.053744444444444484
12 0.3025 0.799375 0.10498809523809527 0.0612380952380952
11 0.5643750000000001 0.30625 0.053742977528089875 0.044992977528089895
03 0.1275 0.804375 0.06999509803921568 0.1412450980392157
07 0.926885775862069 0.144375 0.04622844827586203 0.08370689655172414
13 0.875 0.44625000000000004 0.11997844827586213 0.13497844827586208
14 0.8475 0.06687499999999999 0.07238636363636375 0.05113636363636363
15 0.778125 0.578125 0.048735795454545316 0.051235795454545485
11 0.08812500000000001 0.3925 0.04871951219512195 0.04246951219512196
03 0.055 0.484375 0.06998214285714285 0.0712321428571428
