15 0.42125 0.833125 0.019983552631578916 0.04623355263157891
11 0.45375 0.08125 0.027491610738255068 0.024991610738255038
01 0.9675 0.65375 0.024956896551724173 0.022456896551724115
09 0.835625 0.379375 0.023744444444444346 0.038744444444444526
15 0.9568749999999999 0.485625 0.021238095238095167 0.016238095238095218
01 0.781875 0.22999999999999998 0.018742977528089844 0.017492977528089843
18 0.806875 0.313125 0.018745098039215646 0.021245098039215704
12 0.22812500000000002 0.589375 0.033706896551724125 0.036206896551724155
12 0.155625 0.5874999999999999 0.05372844827586207 0.032478448275862104
19 0.526875 0.179375 0.03113636363636363 0.04613636363636364
14 0.11937500000000001 0.1225 0.023735795454545475 0.034985795454545485
18 0.11624999999999999 0.73875 0.01996951219512194 0.022469512195121943
04 0.9237500000000001 0.8 0.022482142857142784 0.02498214285714284
