09 0.8518749999999999 0.84875 0.02873355263157895 0.04248355263157899
14 0.478125 0.166875 0.011241610738255081 0.02874161073825504
06 0.6000000000000001 0.2675 0.019956896551724168 0.07495689655172413
18 0.10500000000000001 0.503125 0.019994444444444467 0.023744444444444457
06 0.615625 0.6812499999999999 0.058738095238095145 0.04248809523809516
03 0.659375 0.5631250000000001 0.043742977528089866 0.03374297752808986
03 0.75625 0.598125 0.017495098039215673 0.023745098039215762
08 0.481875 0.546875 0.018706896551724084 0.046206896551724164
06 0.64625 0.14250000000000002 0.00997844827586225 0.027478448275862072
10 0.4325 0.7731250000000001 0.022386363636363593 0.02363636363636379
13 0.7575000000000001 0.7175 0.08248579545454537 0.12498579545454536
15 0.33375 0.10375 0.009969512195121988 0.022469512195121943
17 0.7375 0.105625 0.029982142857142846 0.031232142857142875
