08 0.9293750000000001 0.753125 0.0937335526315789 0.10123355263157896
12 0.90375 0.39812499999999995 0.09999161073825491 0.16874161073825505
06 0.49249999999999994 0.7481249999999999 0.11995689655172409 0.16620689655172416
00 0.465 0.5787500000000001 0.07249444444444453 0.0424944444444445
20 0.32375 0.204375 0.027488095238095256 0.028738095238095285
14 0.38687499999999997 0.60875 0.02624297752808985 0.06749297752808991
11 0.21000000000000002 0.1275 0.06499509803921569 0.08999509803921568
14 0.16812500000000002 0.8925000000000001 0.04120689655172413 0.07245689655172416
12 0.60375 0.5525 0.0849784482758621 0.11997844827586207
06 0.195625 0.47124999999999995 0.17863636363636365 0.08988636363636354
03 0.1499964488636364 0.6537499999999999 0.03999289772727274 0.11498579545454546
18 0.258125 0.533125 0.04621951219512199 0.051219512195122
