10 0.16375 0.843125 0.032483552631578955 0.026233552631578894
08 0.39125 0.079375 0.04999161073825503 0.07374161073825504
06 0.39749999999999996 0.561875 0.05995689655172415 0.016206896551724137
05 0.629375 0.6793750000000001 0.051244444444444426 0.03874444444444436
07 0.828125 0.053750000000000006 0.04373809523809502 0.06248809523809524
10 0.6368750000000001 0.128125 0.03124297752808991 0.02874297752808988
13 0.9075 0.42000000000000004 0.06249509803921571 0.1074950980392157
01 0.465625 0.645 0.043706896551724106 0.039956896551724075
15 0.045 0.79375 0.042478448275862064 0.024978448275862264
09 0.565 0.19375 0.04988636363636367 0.04738636363636367
03 0.24875 0.515 0.02998579545454544 0.04998579545454551
13 0.43062500000000004 0.575 0.14621951219512203 0.09496951219512206
