10 0.66125 0.6 0.014983552631578911 0.012483552631578965
00 0.7275 0.265625 0.029991610738254848 0.023741610738255092
03 0.34625 0.281875 0.05245689655172414 0.04620689655172411
08 0.815625 0.9299999999999999 0.051244444444444315 0.047494444444444395
16 0.925625 0.084375 0.028738095238095118 0.04623809523809523
03 0.49750000000000005 0.037500000000000006 0.02999297752808988 0.014992977528089889
01 0.89375 0.654375 0.017495098039215673 0.0162450980392157
15 0.1375 0.1725 0.004956896551724127 0.02995689655172415
20 0.38875 0.6775 0.024978448275862042 0.02747844827586221
10 0.8006249999999999 0.116875 0.02363636363636379 0.026136363636363638
09 0.1525 0.46375 0.019985795454545485 0.0349857954545455
