08 0.57 0.530625 0.014983552631578911 0.016233552631578885
12 0.96875 0.28875 0.052491610738254924 0.04999161073825509
02 0.82125 0.5125 0.03495689655172407 0.022456896551724115
12 0.136875 0.47187500000000004 0.06374444444444445 0.04624444444444448
04 0.13124999999999998 0.18625 0.027488095238095228 0.024988095238095254
04 0.6575 0.83125 0.02499297752808982 0.019992977528089928
07 0.24312499999999998 0.9706250000000001 0.06374509803921566 0.028745098039215766
14 0.42562500000000003 0.67875 0.031206896551724095 0.04495689655172408
09 0.4575 0.416875 0.019978448275862093 0.03372844827586208
11 0.046875 0.974375 0.028636363636363626 0.028636363636363793
14 0.9337500000000001 0.704375 0.02248579545454532 0.021235795454545348
01 0.983125 0.24437499999999998 0.028719512195122032 0.018719512195121968
