11 0.805625 0.944375 0.04623355263157891 0.05373355263157886
18 0.8843749999999999 0.12312500000000001 0.03624161073825494 0.038741610738255064
09 0.07438577586206896 0.7693749999999999 0.06372844827586208 0.043706896551724106
12 0.46125000000000005 0.345625 0.04999444444444451 0.04874444444444448
06 0.0375 0.32375 0.052488095238095236 0.01998809523809525
05 0.4225 0.55875 0.06499297752808986 0.03749297752808989
03 0.718125 0.0925 0.023745098039215762 0.0449950980392157
02 0.41312499999999996 0.303125 0.04370689655172416 0.05370689655172417
13 0.16375 0.733125 0.04747844827586206 0.13622844827586222
03 0.69125 0.7324999999999999 0.03238636363636371 0.03738636363636372
13 0.494375 0.5587500000000001 0.08123579545454551 0.05998579545454541
