03 0.43562500000000004 0.496875 0.04373355263157891 0.04123355263157891
09 0.229375 0.8500000000000001 0.05124161073825506 0.049991610738254866
11 0.513125 0.7325 0.03120689655172415 0.02745689655172412
01 0.918125 0.74625 0.023744444444444346 0.01499444444444431
14 0.6000000000000001 0.52625 0.05998809523809523 0.02248809523809525
08 0.836875 0.34375 0.06874297752808989 0.019992977528089817
15 0.43937499999999996 0.7737499999999999 0.03624509803921566 0.02999509803921574
03 0.575625 0.2525 0.026206896551724035 0.01745689655172411
18 0.585 0.31625000000000003 0.019978448275862037 0.02247844827586204
06 0.690625 0.140625 0.08613636363636379 0.11113636363636364
04 0.265 0.108125 0.03498579545454544 0.026235795454545463
14 0.359375 0.933125 0.023719512195122028 0.06371951219512195
