04 0.5375 0.405625 0.03498355263157893 0.02373355263157889
03 0.8206249999999999 0.55875 0.06124161073825485 0.06749161073825505
06 0.2375 0.4725 0.0749568965517241 0.11745689655172409
15 0.72875 0.381875 0.01499444444444431 0.02124444444444451
06 0.8181220238095237 0.6418720238095238 0.08124404761904758 0.04874404761904749
17 0.70875 0.75 0.04499297752808984 0.03249297752808977
11 0.49062500000000003 0.69 0.031245098039215713 0.027495098039215793
01 0.315 0.9475 0.022456896551724115 0.014956896551724164
07 0.14 0.303125 0.03997844827586207 0.031228448275862075
07 0.06687499999999999 0.22125 0.04863636363636363 0.10488636363636364
06 0.8543785511363637 0.46125 0.038742897727272685 0.01498579545454548
00 0.73125 0.099375 0.03246951219512206 0.021219512195121942
