18 0.308125 0.786875 0.013733552631578994 0.016233552631578885
00 0.21125 0.515625 0.01999161073825506 0.013741610738255083
12 0.90125 0.43625 0.024956896551724173 0.027456896551724175
07 0.16999999999999998 0.548125 0.022494444444444456 0.02124444444444451
12 0.9762500000000001 0.8431249999999999 0.024988095238095087 0.013738095238095105
06 0.865625 0.9012482443820224 0.061242977528089826 0.007496488764044962
01 0.06812499999999999 0.009375000000000001 0.013745098039215684 0.013745098039215687
06 0.651260775862069 0.20375 0.03747844827586211 0.004956896551724127
20 0.13374999999999998 0.380625 0.017478448275862063 0.018728448275862064
03 0.791875 0.379375 0.008636363636363775 0.011136363636363611
06 0.743125 0.161875 0.023735795454545294 0.01373579545454548
18 0.0275 0.7106250000000001 0.012469512195121955 0.013719512195122019
18 0.538125 0.55375 0.01373214285714286 0.01748214285714289
