03 0.9168750000000001 0.779375 0.04123355263157891 0.016233552631578885
12 0.7649999999999999 0.8712500000000001 0.07999161073825489 0.06999161073825488
18 0.68625 0.50125 0.029956896551724177 0.034956896551724126
18 0.8200000000000001 0.259375 0.02499444444444443 0.028744444444444406
19 0.589375 0.055624999999999994 0.01873809523809533 0.04123809523809523
05 0.8081267556179775 0.201875 0.033746488764044846 0.053742977528089875
13 0.774375 0.21937500000000001 0.09374509803921571 0.07124509803921569
01 0.7475 0.38 0.029956896551724177 0.019956896551724168
06 0.855 0.249375 0.06247844827586224 0.08122844827586206
03 0.80375 0.8981250000000001 0.05488636363636379 0.061136363636363655
14 0.8374999999999999 0.28500000000000003 0.0649857954545453 0.049985795454545456
01 0.379375 0.7875000000000001 0.03621951219512198 0.024969512195122
