12 0.34062499999999996 0.61625 0.018733552631578887 0.03498355263157893
16 0.611875 0.89125 0.01624161073825514 0.02999161073825496
01 0.803125 0.5293749999999999 0.016206896551724137 0.01370689655172408
01 0.013125 0.8775 0.016244444444444443 0.017494444444444368
01 0.663125 0.039375 0.01873809523809511 0.01373809523809523
03 0.15437499999999998 0.98 0.03624297752808986 0.03499297752808983
02 0.545625 0.081875 0.011245098039215695 0.03874509803921569
09 0.651875 0.44937499999999997 0.026206896551724146 0.021206896551724086
04 0.170625 0.06937499999999999 0.018728448275862064 0.013728448275862074
01 0.13375 0.7337499999999999 0.014886363636363642 0.014886363636363753
12 0.016875 0.170625 0.018735795454545456 0.02123579545454546
06 0.6387499999999999 0.704375 0.06996951219512193 0.04121951219512199
06 0.6599999999999999 0.510625 0.07248214285714283 0.03873214285714277
