00 0.22125 0.848125 0.01748355263157897 0.01873355263157883
18 0.9356249999999999 0.373125 0.013741610738254972 0.01624161073825503
03 0.6993750000000001 0.986875 0.008706896551724186 0.02120689655172414
01 0.9650013888888889 0.140625 0.007497222222222155 0.006244444444444441
10 0.28812499999999996 0.65625 0.018738095238095276 0.017488095238095136
04 0.26 0.6637500000000001 0.022492977528089875 0.01749297752808976
03 0.0925 0.65 0.0499950980392157 0.024995098039215735
20 0.33375 0.03875000000000001 0.014956896551724164 0.01245689655172414
04 0.525625 0.269375 0.02122844827586201 0.02372844827586207
00 0.746875 0.924375 0.01363636363636378 0.011136363636363833
07 0.3175 0.97 0.03248579545454544 0.019985795454545374
18 0.75875 0.5549999999999999 0.009969512195121988 0.012469512195122046
20 0.42562500000000003 0.408125 0.006232142857142853 0.008732142857142855
