04 0.135625 0.48062499999999997 0.028733552631578937 0.02373355263157889
15 0.76875 0.721875 0.034991610738254963 0.03374161073825499
15 0.6825 0.41125 0.01745689655172411 0.022456896551724115
16 0.48812500000000003 0.47187500000000004 0.04124444444444447 0.058744444444444543
04 0.5193749999999999 0.683125 0.03873809523809524 0.031238095238095065
10 0.796875 0.5125000000000001 0.026242977528089906 0.02999297752808988
13 0.685625 0.6243737745098039 0.12124509803921568 0.0787475490196079
12 0.22312500000000002 0.28125 0.03870689655172413 0.04495689655172408
09 0.101875 0.155 0.02872844827586206 0.04497844827586206
08 0.22875 0.096875 0.04988636363636367 0.06113636363636363
14 0.523125 0.50625 0.041235795454545476 0.02998579545454544
15 0.9775 0.786875 0.039969512195122014 0.026219512195121975
12 0.39312499999999995 0.125 0.04373214285714283 0.04748214285714286
