04 0.78125 0.63625 0.03998355263157882 0.027483552631578867
00 0.12625 0.934375 0.05249161073825505 0.04124161073825483
12 0.811875 0.921875 0.08120689655172408 0.061206896551724066
02 0.765625 0.525625 0.033744444444444355 0.05374444444444443
16 0.261875 0.69125 0.06373809523809529 0.05998809523809512
10 0.164375 0.15187499999999998 0.03624297752808986 0.033742977528089885
13 0.5518737745098039 0.6212500000000001 0.05124754901960782 0.09249509803921574
07 0.44 0.39875 0.01745689655172411 0.08495689655172411
02 0.72875 0.766875 0.0749784482758622 0.0487284482758622
01 0.23625000000000002 0.35 0.03488636363636369 0.034886363636363604
13 0.8687499999999999 0.77875 0.15748579545454533 0.04248579545454534
06 0.47875 0.69375 0.017469512195121994 0.05996951219512203
20 0.975625 0.136875 0.028732142857142873 0.02623214285714287
