03 0.0975 0.41312499999999996 0.027483552631578936 0.0337335526315789
18 0.26937500000000003 0.599375 0.023741610738255037 0.02624161073825504
20 0.42 0.9668749999999999 0.03745689655172413 0.0337068965517241
06 0.110625 0.28437500000000004 0.031244444444444464 0.03374444444444441
11 0.448125 0.7150000000000001 0.0462380952380953 0.03248809523809515
03 0.54375 0.889375 0.03749297752808978 0.043742977528089866
10 0.9475 0.5275 0.02999509803921563 0.017495098039215673
03 0.809375 0.41312499999999996 0.043706896551724106 0.02620689655172409
15 0.3618803879310345 0.890625 0.026239224137931005 0.016228448275862117
09 0.069375 0.969375 0.03363636363636364 0.0386363636363638
10 0.22375 0.4875 0.03748579545454547 0.0349857954545455
00 0.161875 0.86875 0.03871951219512196 0.022469512195121943
01 0.791875 0.32125000000000004 0.02373214285714287 0.02248214285714284
