07 0.931875 0.18875 0.011233552631578991 0.027483552631578978
05 0.095625 0.61 0.02624161073825504 0.014991610738255057
04 0.7581249999999999 0.57375 0.018706896551724195 0.019956896551724057
14 0.643125 0.733125 0.031244444444444408 0.02874444444444435
20 0.348125 0.651875 0.018738095238095276 0.021238095238095056
06 0.0925 0.83375 0.02249297752808989 0.06999297752808986
03 0.19687500000000002 0.328125 0.03624509803921569 0.02374509803921565
03 0.854375 0.81375 0.03370689655172421 0.032456896551724124
13 0.8425 0.10999999999999999 0.05497844827586218 0.11247844827586205
03 0.5025 0.08124999999999999 0.04738636363636356 0.024886363636363637
10 0.15375 0.13125 0.03248579545454547 0.029985795454545452
16 0.871875 0.074375 0.016219512195121966 0.033719512195121946
03 0.20937499999999998 0.26125 0.018732142857142836 0.01248214285714283
