07 0.62625 0.26937500000000003 0.06998355263157885 0.011233552631578936
03 0.556875 0.181875 0.021241610738255035 0.02624161073825504
05 0.808125 0.518125 0.03120689655172415 0.018706896551724195
18 0.275625 0.31875 0.018744444444444452 0.01999444444444448
00 0.115625 0.685 0.02373809523809524 0.019988095238095194
12 0.318125 0.9525 0.028742977528089853 0.029992977528089826
18 0.48062499999999997 0.08687500000000001 0.016245098039215644 0.018745098039215688
06 0.509375 0.731875 0.036206896551724155 0.028706896551724204
16 0.913125 0.21437499999999998 0.0437284482758622 0.04372844827586206
02 0.34750000000000003 0.18497159090909093 0.07488636363636364 0.029943181818181813
