08 0.289375 0.44499999999999995 0.021233552631579 0.01248355263157891
02 0.11812500000000001 0.07875 0.02374161073825505 0.019991610738255033
15 0.7731250000000001 0.88375 0.028706896551724204 0.02495689655172406
03 0.20124999999999998 0.8456250000000001 0.04249444444444442 0.03874444444444436
14 0.875 0.35124999999999995 0.04748809523809516 0.029988095238095258
13 0.330625 0.9412499999999999 0.05124297752808982 0.06249297752808991
03 0.592501225490196 0.893125 0.03749754901960778 0.02374509803921565
03 0.469375 0.71 0.03370689655172415 0.04745689655172414
13 0.59375 0.5706249999999999 0.06497844827586197 0.05872844827586199
00 0.094375 0.42562500000000003 0.03113636363636363 0.023636363636363622
