01 0.48062499999999997 0.018750000000000003 0.01623355263157894 0.01748355263157895
03 0.27437500000000004 0.33187500000000003 0.011241610738255081 0.061241610738255015
05 0.4075 0.26875 0.03245689655172418 0.01745689655172411
06 0.32625000000000004 0.311875 0.07749444444444448 0.02624444444444446
15 0.20625 0.353125 0.014988095238095273 0.016238095238095274
13 0.86375 0.798125 0.02499297752808982 0.10124297752808986
11 0.235625 0.5718749999999999 0.023745098039215706 0.021245098039215704
13 0.833125 0.38875 0.01370689655172419 0.04245689655172413
06 0.5293749999999999 0.844375 0.053728448275862095 0.0437284482758622
15 0.8362499999999999 0.110625 0.032386363636363824 0.04363636363636364
03 0.9099999999999999 0.464375 0.02248579545454532 0.04373579545454548
18 0.40937500000000004 0.173125 0.018719512195121968 0.02121951219512197
09 0.66 0.785625 0.02748214285714279 0.026232142857142815
