04 0.115625 0.954375 0.013733552631578938 0.016233552631578885
03 0.7987500000000001 0.09125 0.0074916107382548836 0.017491610738255045
12 0.35375 0.8674999999999999 0.01745689655172411 0.019956896551724168
04 0.020624999999999998 0.438125 0.018744444444444442 0.013744444444444504
07 0.894375 0.6 0.02623809523809517 0.019988095238095305
20 0.18312499999999998 0.305 0.01624297752808987 0.01749297752808987
08 0.9056249999999999 0.7 0.031245098039215713 0.014995098039215615
15 0.166875 0.27875 0.011206896551724133 0.019956896551724168
14 0.9256249999999999 0.11 0.026228448275862237 0.027478448275862072
02 0.0625 0.291875 0.02488636363636363 0.011136363636363666
08 0.575625 0.0525 0.026235795454545463 0.009985795454545449
12 0.6799999999999999 0.344375 0.024969512195122 0.028719512195121977
03 0.06875 0.520625 0.012482142857142844 0.03373214285714288
06 0.705625 0.51625 0.011237500000000011 0.019987500000000047
