14 0.276875 0.666875 0.06373355263157895 0.07623355263157894
10 0.435 0.266875 0.034991610738255075 0.03874161073825505
06 0.30374999999999996 0.97375 0.02995689655172412 0.03495689655172418
03 0.7618736111111111 0.09625 0.021247222222222195 0.06249444444444445
01 0.561875 0.051250000000000004 0.033738095238095234 0.02248809523809523
10 0.6343749999999999 0.174375 0.03374297752808986 0.03624297752808989
15 0.186875 0.704375 0.021245098039215676 0.038745098039215664
11 0.20750000000000002 0.845625 0.04745689655172411 0.0387068965517241
13 0.856875 0.4568696120689655 0.12122844827586221 0.12873922413793099
15 0.705625 0.401875 0.04613636363636375 0.028636363636363626
01 0.333125 0.735 0.041235795454545476 0.02498579545454538
