00 0.288125 0.6837500000000001 0.06373355263157898 0.04998355263157894
10 0.8674999999999999 0.8400000000000001 0.04499161073825497 0.029991610738254848
03 0.05124999999999999 0.110625 0.07745689655172412 0.06870689655172414
06 0.09937499999999999 0.611875 0.16374444444444444 0.028744444444444572
18 0.7268749999999999 0.510625 0.041238095238095185 0.04373809523809524
01 0.78625 0.37375 0.05249297752808979 0.054992977528089904
08 0.453125 0.65375 0.056245098039215735 0.1149950980392157
18 0.049375 0.39437500000000003 0.03620689655172415 0.041206896551724104
02 0.27 0.47062499999999996 0.03497844827586205 0.11122844827586204
00 0.47000000000000003 0.181875 0.06238636363636363 0.05613636363636365
15 0.336875 0.639375 0.10373579545454548 0.1337357954545454
