06 0.29562499999999997 0.10874999999999999 0.1037335526315789 0.07498355263157895
11 0.9381250000000001 0.21125 0.038741610738254884 0.032491610738255045
02 0.8362499999999999 0.098125 0.07995689655172422 0.05870689655172415
18 0.561875 0.57125 0.023744444444444568 0.027494444444444488
01 0.496875 0.546875 0.033738095238095345 0.021238095238095278
02 0.14375 0.8043750000000001 0.039992977528089876 0.06624297752808983
14 0.88875 0.21 0.03749509803921569 0.03499509803921569
13 0.145625 0.326875 0.02120689655172414 0.18370689655172415
04 0.25 0.8999999999999999 0.03747844827586208 0.02747844827586221
06 0.803778409090909 0.778125 0.04244318181818185 0.08863636363636374
14 0.2525 0.905 0.049985795454545484 0.034985795454545277
03 0.698125 0.5375 0.033719512195121926 0.07496951219512193
02 0.35624999999999996 0.566875 0.027482142857142844 0.03873214285714277
12 0.626875 0.641875 0.043737499999999985 0.04623750000000004
