16 0.606875 0.829375 0.0462335526315788 0.0362335526315789
06 0.2656270973154362 0.06375 0.05124580536912754 0.07999161073825505
03 0.19561422413793103 0.47062499999999996 0.058728448275862044 0.03370689655172415
06 0.383125 0.7549999999999999 0.08374444444444451 0.06999444444444436
01 0.029375 0.49624999999999997 0.03873809523809524 0.029988095238095258
10 0.82125 0.968125 0.029992977528089826 0.02124297752808979
14 0.965625 0.26375000000000004 0.03374509803921566 0.03999509803921569
03 0.115625 0.04812500000000001 0.038706896551724115 0.06370689655172415
08 0.885 0.923125 0.03747844827586222 0.028728448275862184
10 0.16312500000000002 0.871875 0.05863636363636365 0.05863636363636371
03 0.345 0.369375 0.017485795454545483 0.038735795454545474
