05 0.603125 0.794375 0.013733552631578938 0.0362335526315789
06 0.6650020973154362 0.649375 0.04749580536912745 0.046241610738254946
10 0.29625 0.92875 0.019956896551724113 0.019956896551724168
01 0.499375 0.8331249999999999 0.026244444444444515 0.02874444444444435
11 0.55125 0.33625 0.017488095238095247 0.017488095238095247
16 0.94875 0.42375 0.029992977528089826 0.022492977528089875
07 0.46687377450980394 0.435 0.058747549019607825 0.12999509803921572
10 0.440625 0.21625 0.02120689655172414 0.022456896551724115
15 0.475625 0.793125 0.02372844827586207 0.011228448275862224
11 0.80375 0.215625 0.019886363636363757 0.018636363636363673
12 0.21125 0.51625 0.03498579545454547 0.027485795454545547
