18 0.89625 0.14375 0.019983552631578916 0.022483552631578946
12 0.71 0.8500000000000001 0.04499161073825497 0.03749161073825491
01 0.18125000000000002 0.35375 0.017456896551724138 0.012456896551724106
03 0.27749999999999997 0.5549999999999999 0.017494444444444424 0.03499444444444444
03 0.73 0.205 0.0399880952380951 0.04498809523809527
10 0.174375 0.042499999999999996 0.02624297752808985 0.024992977528089884
20 0.235625 0.44 0.02874509803921571 0.022495098039215677
11 0.21375 0.604375 0.02995689655172412 0.02120689655172403
01 0.9824999999999999 0.36 0.0174784482758622 0.014978448275862088
04 0.63875 0.9237500000000001 0.029886363636363766 0.0173863636363637
12 0.6837500000000001 0.199375 0.034985795454545277 0.04873579545454548
