20 0.203125 0.044375 0.043733552631578965 0.04373355263157895
07 0.27125 0.8518749999999999 0.05999161073825507 0.043741610738255
03 0.42125 0.18 0.05995689655172415 0.05745689655172412
07 0.653125 0.89375 0.06374444444444438 0.14749444444444437
13 0.364375 0.73875 0.08873809523809528 0.12748809523809512
04 0.82875 0.93875 0.03249297752808977 0.03749297752808989
12 0.80625 0.42 0.07999509803921567 0.08999509803921568
03 0.306875 0.41812499999999997 0.09370689655172415 0.03370689655172415
00 0.25625 0.536875 0.052478448275862066 0.05122844827586204
03 0.528125 0.2225 0.04113636363636364 0.03488636363636366
18 0.518125 0.82375 0.031235795454545467 0.03498579545454539
11 0.600625 0.34875 0.04621951219512199 0.039969512195122014
11 0.608125 0.7462500000000001 0.04123214285714283 0.029982142857142846
00 0.604375 0.04375 0.05873750000000011 0.05248749999999999
