07 0.8925 0.35562499999999997 0.057483552631578894 0.02373355263157889
04 0.285625 0.05 0.018741610738255032 0.02499161073825503
15 0.199375 0.07998922413793103 0.016206896551724137 0.00997844827586207
14 0.935 0.28125 0.02249444444444426 0.03249444444444438
20 0.7424999999999999 0.15375 0.024988095238095087 0.01998809523809525
03 0.215 0.01375 0.04249297752808984 0.024992977528089887
13 0.175625 0.874375 0.04624509803921567 0.05874509803921568
10 0.71875 0.10875 0.019956896551724057 0.01995689655172414
05 0.81875 0.683125 0.01997844827586226 0.03372844827586219
07 0.31437499999999996 0.268125 0.04613636363636364 0.06363636363636369
13 0.8 0.216875 0.019985795454545374 0.09623579545454547
18 0.8925000000000001 0.34187500000000004 0.014969512195121992 0.018719512195121968
11 0.464375 0.073125 0.028732142857142817 0.016232142857142834
