14 0.738125 0.7112499999999999 0.026233552631578894 0.039983552631578934
01 0.931875 0.13 0.028741610738254986 0.01999161073825506
14 0.870625 0.041875 0.016206896551724137 0.03620689655172414
00 0.23062500000000002 0.32875 0.021244444444444427 0.01999444444444448
18 0.039375 0.653125 0.016238095238095232 0.01873809523809511
16 0.370625 0.54375 0.041242977528089864 0.04499297752808984
10 0.15187499999999998 0.3025 0.021245098039215676 0.014995098039215726
08 0.27812499999999996 0.354375 0.01870689655172414 0.043706896551724106
03 0.073125 0.39625 0.031228448275862068 0.04247844827586206
12 0.825625 0.7125 0.03863636363636369 0.04238636363636372
08 0.76875 0.175625 0.037485795454545334 0.01123579545454545
