16 0.463125 0.154375 0.04123355263157891 0.031233552631578954
13 0.8062499999999999 0.8574979026845637 0.06999161073825488 0.054995805369127515
11 0.524375 0.239375 0.026206896551724146 0.03870689655172413
05 0.5325 0.399375 0.0374944444444445 0.02124444444444451
09 0.5387500000000001 0.286875 0.03498809523809532 0.018738095238095276
13 0.255625 0.780625 0.09624297752808986 0.04874297752808987
00 0.833125 0.296875 0.02624509803921571 0.018745098039215646
08 0.854375 0.880625 0.018706896551724084 0.046206896551724164
10 0.7693749999999999 0.723125 0.026228448275862237 0.01622844827586223
06 0.31437499999999996 0.18062499999999998 0.08113636363636362 0.031136363636363656
