13 0.33249999999999996 0.85625 0.04498355263157894 0.07748355263157891
16 0.516875 0.810625 0.031241610738255043 0.031241610738254932
10 0.7024999999999999 0.40125 0.012456896551724106 0.01745689655172411
14 0.388125 0.9493750000000001 0.013744444444444448 0.031244444444444297
19 0.37312500000000004 0.034375 0.02373809523809528 0.026238095238095234
01 0.35375 0.65625 0.014992977528089868 0.014992977528089924
14 0.413125 0.671875 0.0162450980392157 0.023745098039215762
15 0.798125 0.18125 0.018706896551724084 0.022456896551724115
04 0.65 0.6925 0.022478448275862206 0.01997844827586226
03 0.31437499999999996 0.830625 0.018636363636363618 0.018636363636363673
