00 0.301875 0.92875 0.021233552631579 0.014983552631578911
08 0.619375 0.195625 0.0337416107382551 0.031241610738255043
06 0.23062500000000002 0.546875 0.05370689655172414 0.07120689655172407
15 0.01 0.17125 0.014994444444444446 0.01749444444444445
08 0.92625 0.45999999999999996 0.02998809523809509 0.014988095238095245
20 0.5862499999999999 0.1725 0.02499297752808982 0.019992977528089845
07 0.6349987745098039 0.943125 0.039997549019607836 0.023745098039215762
00 0.719375 0.708125 0.03370689655172421 0.03120689655172404
07 0.20625 0.255 0.07247844827586206 0.01747844827586209
13 0.49124999999999996 0.5625 0.03738636363636355 0.0748863636363637
