12 0.536875 0.12937500000000002 0.04123355263157891 0.04623355263157894
03 0.229375 0.116875 0.04624161073825506 0.026241610738255053
10 0.5543750000000001 0.7925 0.03870689655172421 0.02745689655172412
07 0.436875 0.51375 0.03124444444444452 0.09999444444444455
15 0.606875 0.789375 0.031238095238095176 0.09123809523809512
06 0.839375 0.559375 0.07124297752808983 0.13874297752808984
19 0.62625 0.40437500000000004 0.034995098039215744 0.033745098039215715
08 0.045625 0.12 0.046206896551724136 0.02745689655172412
14 0.848125 0.43562500000000004 0.03872844827586219 0.05372844827586204
03 0.545625 0.4375 0.05363636363636359 0.04988636363636356
12 0.079375 0.38875000000000004 0.04623579545454545 0.049985795454545456
18 0.219375 0.38187499999999996 0.026219512195122002 0.028719512195121977
13 0.54 0.346875 0.12498214285714282 0.08873214285714282
18 0.469375 0.7424999999999999 0.026237500000000025 0.027487499999999998
