01 0.621875 0.366875 0.02123355263157889 0.016233552631578885
04 0.9675 0.445625 0.02999161073825496 0.018741610738255088
13 0.085 0.891875 0.12745689655172415 0.046206896551724164
07 0.8300000000000001 0.291875 0.02499444444444443 0.04374444444444442
07 0.8574999999999999 0.76875 0.024988095238095087 0.03998809523809521
13 0.77375 0.75375 0.05999297752808985 0.09999297752808989
08 0.438125 0.79 0.04624509803921567 0.02999509803921574
15 0.411875 0.433125 0.023706896551724144 0.023706896551724144
18 0.105625 0.79 0.018728448275862064 0.022478448275862206
06 0.959375 0.66125 0.03113636363636374 0.029886363636363766
10 0.705625 0.4225 0.02623579545454524 0.022485795454545487
