16 0.971875 0.075 0.031233552631578898 0.04748355263157895
15 0.723125 0.89625 0.028741610738254875 0.032491610738254906
04 0.645 0.2975 0.03495689655172418 0.032456896551724124
07 0.825625 0.45999999999999996 0.10624444444444425 0.024994444444444486
08 0.8612500000000001 0.901875 0.062488095238095176 0.02623809523809517
01 0.14375 0.94625 0.0199929775280899 0.019992977528089817
06 0.11374999999999999 0.20124999999999998 0.03999509803921568 0.10999509803921567
00 0.838125 0.31875 0.03120689655172404 0.02745689655172412
11 0.16249999999999998 0.4775 0.029978448275862074 0.039978448275862055
18 0.18937500000000002 0.355 0.021136363636363648 0.022386363636363593
01 0.6312499999999999 0.34625 0.019985795454545374 0.017485795454545427
08 0.29625 0.295 0.027469512195122003 0.014969512195121992
