08 0.036875000000000005 0.51875 0.02123355263157895 0.04248355263157888
01 0.5687500000000001 0.80375 0.03249161073825502 0.022491610738254897
14 0.7175 0.8475 0.024956896551724173 0.0699568965517241
04 0.720625 0.44437499999999996 0.05374444444444437 0.03374444444444452
06 0.6512499999999999 0.080625 0.08498809523809514 0.08623809523809522
15 0.308125 0.028124999999999997 0.041242977528089864 0.021242977528089884
10 0.17375 0.10062499999999999 0.03999509803921569 0.028745098039215697
07 0.144375 0.756239224137931 0.06370689655172412 0.04497844827586206
03 0.48750000000000004 0.40812499999999996 0.04997844827586212 0.048728448275862035
07 0.39625 0.3625 0.0323863636363636 0.06238636363636363
12 0.07437500000000001 0.678125 0.10873579545454547 0.10873579545454537
