20 0.59625 0.5 0.029983552631578925 0.027483552631578867
01 0.5625 0.98125 0.014991610738255057 0.017491610738254892
10 0.97125 0.06 0.01745689655172422 0.012456896551724154
14 0.366875 0.34750000000000003 0.023744444444444457 0.024994444444444486
09 0.93875 0.329375 0.027488095238095145 0.03373809523809529
10 0.506875 0.978125 0.018742977528089788 0.018742977528089844
03 0.065625 0.0925 0.023745098039215685 0.03749509803921569
04 0.80875 0.89125 0.02745689655172412 0.019956896551724057
05 0.80375 0.2025 0.01997844827586215 0.017478448275862063
00 0.788125 0.235 0.02113636363636373 0.022386363636363676
08 0.895 0.235 0.037485795454545334 0.014985795454545453
03 0.6993750000000001 0.12937500000000002 0.05871951219512195 0.03121951219512195
20 0.04625 0.329375 0.03498214285714285 0.03623214285714288
