03 0.05437500000000001 0.896875 0.048733552631578955 0.0362335526315789
14 0.02125 0.326875 0.027491610738255037 0.03624161073825505
10 0.2975 0.208125 0.03745689655172413 0.03620689655172413
03 0.5393749999999999 0.7493749999999999 0.061244444444444546 0.05874444444444438
01 0.150625 0.629375 0.023738095238095225 0.023738095238095336
05 0.165625 0.13625 0.03874297752808986 0.029992977528089895
03 0.37687499999999996 0.22562500000000002 0.033745098039215715 0.1162450980392157
06 0.71625 0.5337500000000001 0.012456896551724106 0.12245689655172415
01 0.483125 0.4625 0.018728448275862064 0.01247844827586203
18 0.924375 0.16812500000000002 0.028636363636363682 0.031136363636363656
