14 0.74875 0.815 0.04498355263157894 0.03498355263157882
18 0.97875 0.29500000000000004 0.01999161073825495 0.022491610738255063
04 0.559375 0.6543749999999999 0.026206896551724146 0.02120689655172414
05 0.6343749999999999 0.17812499999999998 0.033744444444444466 0.018744444444444425
12 0.539375 0.861875 0.06373809523809526 0.03623809523809507
19 0.19124999999999998 0.39375 0.032492977528089856 0.029992977528089826
18 0.136875 0.385625 0.023745098039215706 0.02624509803921571
15 0.121875 0.36625 0.031206896551724123 0.05245689655172414
20 0.041249999999999995 0.35625 0.024978448275862066 0.022478448275862095
11 0.29312499999999997 0.95875 0.031136363636363684 0.039886363636363775
15 0.316875 0.94 0.05373579545454549 0.02248579545454532
15 0.595 0.6481250000000001 0.04496951219512202 0.03871951219512193
05 0.35 0.53625 0.02998214285714279 0.04998214285714275
