07 0.649375 0.12187500000000001 0.02873355263157895 0.06373355263157894
01 0.7575 0.875625 0.022491610738254897 0.021241610738254924
06 0.607510775862069 0.713739224137931 0.057478448275862015 0.04497844827586206
06 0.11812500000000001 0.761875 0.006244444444444455 0.0212444444444444
04 0.9293750000000001 0.4375 0.02623809523809506 0.027488095238095256
10 0.345 0.906875 0.01249297752808981 0.011242977528089781
05 0.97 0.656875 0.017495098039215673 0.03374509803921577
14 0.9525 0.276875 0.029956896551724066 0.01870689655172414
00 0.185625 0.91125 0.018728448275862064 0.01997844827586226
14 0.405625 0.534375 0.026136363636363624 0.018636363636363673
06 0.943125 0.6975 0.048735795454545316 0.06998579545454531
