00 0.169375 0.29374999999999996 0.07373355263157896 0.07248355263157896
06 0.436875 0.340625 0.023741610738255037 0.08374161073825503
15 0.536875 0.58125 0.04120689655172405 0.05245689655172414
02 0.10874999999999999 0.5506249999999999 0.10999444444444442 0.061244444444444546
03 0.06312499999999999 0.48687499999999995 0.08123809523809522 0.06123809523809526
09 0.19624999999999998 0.22125 0.08249297752808987 0.052492977528089846
12 0.313125 0.771875 0.05874509803921568 0.06624509803921574
18 0.680625 0.745 0.043706896551724106 0.04495689655172419
20 0.7475 0.28312499999999996 0.07497844827586231 0.07372844827586206
13 0.71625 0.4925 0.05488636363636379 0.2098863636363636
