13 0.750625 0.51 0.06623355263157893 0.16998355263157894
02 0.200625 0.084375 0.05374161073825506 0.04874161073825504
15 0.15125 0.891875 0.04745689655172414 0.07370689655172413
10 0.11875 0.7281249999999999 0.042494444444444446 0.02874444444444435
04 0.396875 0.6625 0.05123809523809525 0.02998809523809509
12 0.411875 0.2275 0.053742977528089875 0.062492977528089855
09 0.8200000000000001 0.760625 0.0574950980392156 0.04374509803921578
20 0.203125 0.075 0.023706896551724144 0.017456896551724138
15 0.6268750000000001 0.350625 0.02372844827586207 0.08122844827586206
04 0.7575000000000001 0.1425 0.04988636363636367 0.037386363636363606
