15 0.8225 0.328125 0.007483552631578849 0.021233552631578945
11 0.663125 0.22 0.02374161073825487 0.022491610738255063
09 0.263125 0.635 0.018706896551724084 0.022456896551724115
04 0.916875 0.540625 0.016244444444444284 0.016244444444444506
08 0.59125 0.6125 0.0149880952380953 0.029988095238095203
18 0.8262499999999999 0.17125 0.014992977528089813 0.017492977528089843
06 0.3281262254901961 0.8362499999999999 0.07874754901960784 0.009995098039215722
03 0.060625 0.391875 0.01870689655172414 0.021206896551724086
07 0.6912499999999999 0.1275 0.03747844827586222 0.022478448275862054
14 0.813125 0.7706249999999999 0.013636363636363669 0.026136363636363735
13 0.745625 0.52875 0.016235795454545343 0.12998579545454547
06 0.47562499999999996 0.95 0.008719512195121959 0.03246951219512206
08 0.650625 0.378125 0.018732142857142753 0.036232142857142824
03 0.204375 0.603125 0.023737500000000022 0.013737499999999958
