20 0.181875 0.54125 0.026233552631578977 0.017483552631578858
11 0.92125 0.451875 0.03499161073825485 0.018741610738255032
18 0.1375 0.49 0.024956896551724145 0.02745689655172412
14 0.8049999999999999 0.66875 0.04249444444444428 0.047494444444444395
14 0.6375 0.9525 0.05748809523809517 0.03498809523809521
06 0.17875000000000002 0.7731250000000001 0.01499297752808984 0.0887429775280898
00 0.325625 0.02125 0.02624509803921571 0.01999509803921569
10 0.8356250000000001 0.5 0.03120689655172415 0.02995689655172412
02 0.935 0.520625 0.029978448275862157 0.03872844827586208
10 0.23249999999999998 0.11374999999999999 0.02738636363636368 0.02738636363636364
01 0.77125 0.244375 0.029985795454545272 0.02123579545454546
18 0.794375 0.35875 0.02121951219512208 0.022469512195122
15 0.2725 0.259375 0.02498214285714284 0.01873214285714281
15 0.855 0.44437499999999996 0.04248750000000001 0.048737500000000045
