20 0.7381249999999999 0.83875 0.02123355263157889 0.014983552631578911
15 0.563125 0.6168750000000001 0.06624161073825507 0.07624161073825497
12 0.714375 0.40875 0.09370689655172415 0.057456896551724146
19 0.49375 0.665 0.062494444444444464 0.04499444444444434
00 0.5137499999999999 0.451875 0.06998809523809524 0.04123809523809524
02 0.33499999999999996 0.48125 0.08999297752808982 0.12749297752808986
12 0.85875 0.77875 0.10749509803921575 0.10999509803921559
03 0.9125 0.0475 0.049956896551724084 0.05245689655172414
18 0.916875 0.705625 0.03372844827586219 0.036228448275862246
14 0.203125 0.6412500000000001 0.05613636363636365 0.04238636363636361
14 0.4 0.83375 0.05748579545454546 0.02498579545454538
14 0.81 0.8362499999999999 0.029969512195121895 0.03746951219512196
18 0.296875 0.143125 0.03873214285714288 0.041232142857142856
