12 0.66875 0.875625 0.08248355263157892 0.08123355263157883
00 0.615625 0.33562499999999995 0.0337416107382551 0.02874161073825504
07 0.15125 0.82625 0.022456896551724115 0.08995689655172412
16 0.520625 0.961875 0.05124444444444448 0.043744444444444364
18 0.058125 0.333125 0.02373809523809524 0.026238095238095283
06 0.93875 0.630625 0.029992977528089826 0.08624297752808985
07 0.10749877450980391 0.6025 0.02749754901960784 0.0474950980392157
10 0.8656250000000001 0.48125 0.03120689655172415 0.022456896551724115
14 0.46187500000000004 0.37812500000000004 0.03622844827586208 0.058728448275862044
05 0.41374999999999995 0.6412500000000001 0.03988636363636361 0.02738636363636371
