20 0.551875 0.195625 0.023733552631578947 0.016233552631578968
01 0.065 0.511875 0.014991610738255029 0.01624161073825503
10 0.09062499999999998 0.6643749999999999 0.031206896551724136 0.026206896551724035
05 0.808125 0.504375 0.023744444444444346 0.038744444444444526
02 0.6837500000000001 0.701875 0.04248809523809516 0.023738095238095114
14 0.38625 0.524375 0.027492977528089824 0.04124297752808992
12 0.25625 0.948125 0.04749509803921567 0.05124509803921562
01 0.958125 0.2525 0.018706896551724084 0.022456896551724115
03 0.2725 0.6699999999999999 0.04497844827586206 0.029978448275862157
04 0.7725 0.21625 0.04988636363636367 0.03238636363636366
18 0.12437500000000001 0.514375 0.026235795454545477 0.02873579545454552
