01 0.18625 0.755 0.022483552631578974 0.022483552631578974
06 0.816875 0.1225 0.038741610738254884 0.07499161073825505
00 0.1975 0.5874999999999999 0.032456896551724124 0.032456896551724124
20 0.181875 0.11812500000000001 0.018744444444444425 0.016244444444444464
12 0.875 0.43625 0.04248809523809505 0.05498809523809528
09 0.8049999999999999 0.5587500000000001 0.07249297752808992 0.0524929775280899
12 0.746875 0.35875 0.036245098039215606 0.05749509803921571
07 0.6850107758620689 0.52125 0.06997844827586208 0.17995689655172414
04 0.7987500000000001 0.455625 0.03747844827586222 0.02372844827586207
20 0.7562500000000001 0.7225 0.0173863636363637 0.019886363636363757
