11 0.45875 0.26937500000000003 0.037483552631578876 0.03373355263157901
02 0.8674999999999999 0.20750000000000002 0.059991610738254875 0.04249161073825505
10 0.8474999999999999 0.45687500000000003 0.04495689655172408 0.023706896551724144
18 0.5706249999999999 0.7068749999999999 0.033744444444444466 0.03624444444444441
06 0.6399999999999999 0.538125 0.029988095238095203 0.01873809523809522
19 0.239375 0.361875 0.018742977528089844 0.0212429775280899
10 0.766875 0.024375 0.03624509803921572 0.023745098039215692
12 0.40875 0.135 0.0649568965517241 0.03745689655172414
02 0.15875 0.7525 0.029978448275862046 0.04247844827586211
14 0.083125 0.180625 0.021136363636363634 0.05363636363636365
15 0.033125 0.91875 0.023735795454545454 0.034985795454545277
