08 0.076875 0.7075 0.013733552631578952 0.039983552631578934
02 0.941875 0.790625 0.026241610738254928 0.03374161073825488
19 0.28 0.905 0.02995689655172412 0.019956896551724168
17 0.6950000000000001 0.7831250000000001 0.029994444444444324 0.026244444444444404
20 0.539375 0.7537499999999999 0.021238095238095278 0.02248809523809514
10 0.754375 0.445 0.01374297752808984 0.012492977528089866
20 0.17875000000000002 0.506875 0.022495098039215705 0.016245098039215644
06 0.08562499999999999 0.725625 0.06120689655172414 0.0387068965517241
06 0.906875 0.396875 0.018728448275862286 0.04372844827586203
02 0.135 0.1575 0.014886363636363642 0.03488636363636366
04 0.49875 0.70375 0.022485795454545487 0.01498579545454537
03 0.746875 0.9806250000000001 0.04121951219512199 0.02871951219512192
12 0.975625 0.840625 0.036232142857142824 0.036232142857142824
04 0.503125 0.349375 0.021237500000000076 0.023737500000000022
