18 0.60625 0.33062499999999995 0.05248355263157889 0.05373355263157892
16 0.221875 0.081875 0.10124161073825508 0.09124161073825504
03 0.645625 0.58875 0.08370689655172403 0.04495689655172419
07 0.824375 0.5662499999999999 0.06624444444444433 0.1674944444444445
04 0.799375 0.5118750000000001 0.07373809523809516 0.06873809523809526
06 0.27874999999999994 0.76625 0.2599929775280898 0.024992977528089932
10 0.80375 0.749375 0.05749509803921571 0.04874509803921567
11 0.7075 0.948125 0.06745689655172415 0.07120689655172407
13 0.466875 0.580625 0.21122844827586207 0.09872844827586202
18 0.07 0.48250000000000004 0.04488636363636363 0.04738636363636367
13 0.37 0.66875 0.05498579545454546 0.1074857954545454
